Date,Time,Open,High,Low,Close
2025-07-08,03:45:00,183.27000427246094,183.7100067138672,183.27000427246094,183.49000549316406
2025-07-08,03:46:00,183.49000549316406,183.49000549316406,182.86000061035156,183.02999877929688
2025-07-08,03:47:00,183.25,183.5,183.24000549316406,183.27000427246094
2025-07-08,03:48:00,183.2100067138672,183.39999389648438,182.88999938964844,183.33999633789062
2025-07-08,03:49:00,183.52999877929688,183.6999969482422,183.52999877929688,183.6999969482422
2025-07-08,03:50:00,183.6199951171875,183.8300018310547,183.6199951171875,183.75
2025-07-08,03:51:00,183.80999755859375,183.83999633789062,183.6199951171875,183.66000366210938
2025-07-08,03:52:00,183.83999633789062,184.1999969482422,183.82000732421875,184.1999969482422
2025-07-08,03:53:00,184.10000610351562,184.10000610351562,183.82000732421875,183.82000732421875
2025-07-08,03:54:00,183.64999389648438,183.89999389648438,183.64999389648438,183.89999389648438
2025-07-08,03:55:00,183.97999572753906,183.97999572753906,183.7899932861328,183.97999572753906
2025-07-08,03:56:00,183.8300018310547,184.00999450683594,183.8300018310547,184.00999450683594
2025-07-08,03:57:00,184.13999938964844,184.25999450683594,184.02999877929688,184.07000732421875
2025-07-08,03:58:00,183.9199981689453,183.9499969482422,183.8000030517578,183.8000030517578
2025-07-08,03:59:00,183.82000732421875,184.0,183.82000732421875,183.9600067138672
2025-07-08,04:00:00,183.99000549316406,184.02999877929688,183.99000549316406,184.02999877929688
2025-07-08,04:01:00,184.0,184.0,183.74000549316406,183.74000549316406
2025-07-08,04:02:00,183.58999633789062,183.77000427246094,183.58999633789062,183.60000610351562
2025-07-08,04:03:00,183.61000061035156,183.61000061035156,183.4499969482422,183.5500030517578
2025-07-08,04:04:00,183.67999267578125,183.72000122070312,183.49000549316406,183.52000427246094
2025-07-08,04:05:00,183.36000061035156,183.36000061035156,183.1699981689453,183.36000061035156
2025-07-08,04:06:00,183.42999267578125,183.42999267578125,183.25999450683594,183.42999267578125
2025-07-08,04:07:00,183.4499969482422,183.4499969482422,183.0,183.25
2025-07-08,04:08:00,183.36000061035156,183.63999938964844,183.36000061035156,183.6300048828125
2025-07-08,04:09:00,183.5399932861328,183.5800018310547,183.5399932861328,183.5800018310547
2025-07-08,04:10:00,183.5800018310547,183.7899932861328,183.5800018310547,183.7899932861328
2025-07-08,04:11:00,183.61000061035156,183.6199951171875,183.5399932861328,183.5399932861328
2025-07-08,04:12:00,183.4600067138672,183.47000122070312,183.4600067138672,183.47000122070312
2025-07-08,04:13:00,183.33999633789062,183.4199981689453,183.33999633789062,183.4199981689453
2025-07-08,04:14:00,183.35000610351562,183.35000610351562,183.07000732421875,183.11000061035156
2025-07-08,04:15:00,183.22000122070312,183.22000122070312,183.11000061035156,183.2100067138672
2025-07-08,04:16:00,183.32000732421875,183.39999389648438,183.32000732421875,183.39999389648438
2025-07-08,04:17:00,183.30999755859375,183.39999389648438,182.91000366210938,182.91000366210938
2025-07-08,04:18:00,183.0500030517578,183.3000030517578,183.0500030517578,183.14999389648438
2025-07-08,04:19:00,183.13999938964844,183.13999938964844,183.13999938964844,183.13999938964844
2025-07-08,04:20:00,183.22000122070312,183.52000427246094,183.22000122070312,183.52000427246094
2025-07-08,04:22:00,183.1199951171875,183.1199951171875,183.10000610351562,183.10000610351562
2025-07-08,04:23:00,183.22999572753906,183.30999755859375,183.14999389648438,183.14999389648438
2025-07-08,04:24:00,183.1999969482422,183.3300018310547,183.1999969482422,183.3300018310547
2025-07-08,04:25:00,183.33999633789062,183.50999450683594,183.1300048828125,183.1300048828125
2025-07-08,04:26:00,183.17999267578125,183.17999267578125,182.91000366210938,182.9199981689453
2025-07-08,04:27:00,182.9600067138672,182.9600067138672,182.6999969482422,182.6999969482422
2025-07-08,04:28:00,182.6999969482422,182.77000427246094,182.69000244140625,182.77000427246094
2025-07-08,04:29:00,182.6300048828125,182.66000366210938,182.50999450683594,182.50999450683594
2025-07-08,04:30:00,182.50999450683594,182.50999450683594,182.35000610351562,182.35000610351562
2025-07-08,04:31:00,182.50999450683594,182.50999450683594,182.35000610351562,182.39999389648438
2025-07-08,04:32:00,182.5500030517578,182.6999969482422,182.5500030517578,182.5500030517578
2025-07-08,04:33:00,182.60000610351562,182.60000610351562,182.39999389648438,182.47999572753906
2025-07-08,04:34:00,182.39999389648438,182.5500030517578,182.39999389648438,182.52000427246094
2025-07-08,04:35:00,182.41000366210938,182.41000366210938,182.36000061035156,182.36000061035156
2025-07-08,04:36:00,182.3300018310547,182.3800048828125,182.3300018310547,182.36000061035156
2025-07-08,04:37:00,182.4600067138672,182.4600067138672,182.3300018310547,182.3300018310547
2025-07-08,04:38:00,182.3300018310547,182.47000122070312,182.3300018310547,182.47000122070312
2025-07-08,04:39:00,182.3300018310547,182.4600067138672,182.3300018310547,182.4600067138672
2025-07-08,04:40:00,182.3300018310547,182.4499969482422,182.3300018310547,182.4499969482422
2025-07-08,04:41:00,182.4499969482422,182.4499969482422,182.35000610351562,182.35000610351562
2025-07-08,04:42:00,182.4499969482422,182.4499969482422,182.13999938964844,182.17999267578125
2025-07-08,04:43:00,182.1999969482422,182.1999969482422,182.16000366210938,182.16000366210938
2025-07-08,04:45:00,182.1999969482422,182.1999969482422,182.0,182.0
2025-07-08,04:46:00,182.0,182.0,181.8000030517578,181.8000030517578
2025-07-08,04:47:00,181.8000030517578,181.83999633789062,181.8000030517578,181.83999633789062
2025-07-08,04:48:00,181.8000030517578,181.8300018310547,181.58999633789062,181.61000061035156
2025-07-08,04:49:00,181.6999969482422,181.8800048828125,181.6999969482422,181.86000061035156
2025-07-08,04:50:00,181.6999969482422,181.8300018310547,181.6999969482422,181.8000030517578
2025-07-08,04:51:00,181.9199981689453,182.0399932861328,181.75,181.75
2025-07-08,04:52:00,181.6199951171875,181.6199951171875,181.60000610351562,181.60000610351562
2025-07-08,04:53:00,181.7899932861328,181.7899932861328,181.69000244140625,181.69000244140625
2025-07-08,04:54:00,181.69000244140625,181.69000244140625,181.69000244140625,181.69000244140625
2025-07-08,04:55:00,181.64999389648438,181.64999389648438,181.63999938964844,181.63999938964844
2025-07-08,04:56:00,181.6300048828125,181.6300048828125,181.60000610351562,181.60000610351562
2025-07-08,04:57:00,181.6199951171875,181.6300048828125,181.6199951171875,181.6300048828125
2025-07-08,04:58:00,181.6300048828125,181.63999938964844,181.6300048828125,181.63999938964844
2025-07-08,04:59:00,181.63999938964844,181.64999389648438,181.63999938964844,181.64999389648438
2025-07-08,05:00:00,181.60000610351562,181.64999389648438,181.60000610351562,181.63999938964844
2025-07-08,05:01:00,181.64999389648438,181.66000366210938,181.64999389648438,181.66000366210938
2025-07-08,05:02:00,181.66000366210938,181.66000366210938,181.55999755859375,181.60000610351562
2025-07-08,05:03:00,181.52000427246094,181.66000366210938,181.3300018310547,181.3300018310547
2025-07-08,05:04:00,181.3300018310547,181.3300018310547,181.25999450683594,181.25999450683594
2025-07-08,05:05:00,181.25,181.25,181.0800018310547,181.08999633789062
2025-07-08,05:06:00,181.19000244140625,181.2100067138672,181.19000244140625,181.2100067138672
2025-07-08,05:07:00,181.3300018310547,181.3300018310547,181.22999572753906,181.22999572753906
2025-07-08,05:08:00,180.9499969482422,180.9499969482422,180.9499969482422,180.9499969482422
2025-07-08,05:09:00,181.1999969482422,181.1999969482422,181.00999450683594,181.19000244140625
2025-07-08,05:10:00,181.32000732421875,181.3300018310547,181.32000732421875,181.3300018310547
2025-07-08,05:11:00,181.3300018310547,181.3300018310547,181.1699981689453,181.17999267578125
2025-07-08,05:12:00,181.1999969482422,181.22000122070312,181.0500030517578,181.2100067138672
2025-07-08,05:13:00,181.1999969482422,181.1999969482422,181.1999969482422,181.1999969482422
2025-07-08,05:14:00,181.1999969482422,181.1999969482422,181.05999755859375,181.05999755859375
2025-07-08,05:15:00,181.1999969482422,181.1999969482422,181.1999969482422,181.1999969482422
2025-07-08,05:16:00,181.1999969482422,181.24000549316406,181.1999969482422,181.24000549316406
2025-07-08,05:17:00,181.27000427246094,181.27000427246094,181.1999969482422,181.1999969482422
2025-07-08,05:18:00,181.10000610351562,181.30999755859375,181.07000732421875,181.30999755859375
2025-07-08,05:20:00,181.35000610351562,181.39999389648438,181.35000610351562,181.35000610351562
2025-07-08,05:21:00,181.3000030517578,181.3000030517578,181.02000427246094,181.02000427246094
2025-07-08,05:22:00,181.24000549316406,181.24000549316406,181.22000122070312,181.22000122070312
2025-07-08,05:23:00,181.35000610351562,181.35000610351562,181.1999969482422,181.1999969482422
2025-07-08,05:24:00,181.1999969482422,181.33999633789062,181.1999969482422,181.3300018310547
2025-07-08,05:25:00,181.25,181.35000610351562,181.25,181.3000030517578
2025-07-08,05:26:00,181.1999969482422,181.44000244140625,181.1999969482422,181.27000427246094
2025-07-08,05:27:00,181.2100067138672,181.32000732421875,181.2100067138672,181.32000732421875
2025-07-08,05:28:00,181.3300018310547,181.3300018310547,181.25999450683594,181.25999450683594
2025-07-08,05:29:00,181.3699951171875,181.3699951171875,181.36000061035156,181.36000061035156
2025-07-08,05:30:00,181.39999389648438,181.5,181.39999389648438,181.5
2025-07-08,05:31:00,181.39999389648438,181.47000122070312,181.36000061035156,181.36000061035156
2025-07-08,05:32:00,181.41000366210938,181.41000366210938,181.1999969482422,181.1999969482422
2025-07-08,05:33:00,181.1999969482422,181.30999755859375,181.1999969482422,181.30999755859375
2025-07-08,05:34:00,181.3300018310547,181.3300018310547,181.3000030517578,181.3000030517578
2025-07-08,05:35:00,181.16000366210938,181.16000366210938,181.16000366210938,181.16000366210938
2025-07-08,05:36:00,181.27999877929688,181.27999877929688,181.27999877929688,181.27999877929688
2025-07-08,05:37:00,181.32000732421875,181.32000732421875,181.16000366210938,181.16000366210938
2025-07-08,05:38:00,181.16000366210938,181.16000366210938,181.16000366210938,181.16000366210938
2025-07-08,05:39:00,181.22000122070312,181.22000122070312,181.0500030517578,181.13999938964844
2025-07-08,05:40:00,181.10000610351562,181.17999267578125,181.10000610351562,181.17999267578125
2025-07-08,05:41:00,181.17999267578125,181.36000061035156,181.11000061035156,181.11000061035156
2025-07-08,05:42:00,181.0,181.10000610351562,180.89999389648438,180.89999389648438
2025-07-08,05:43:00,180.89999389648438,180.91000366210938,180.89999389648438,180.91000366210938
2025-07-08,05:44:00,180.9499969482422,180.9499969482422,180.9499969482422,180.9499969482422
2025-07-08,05:45:00,180.9499969482422,180.97999572753906,180.91000366210938,180.97999572753906
2025-07-08,05:46:00,180.97999572753906,180.97999572753906,180.91000366210938,180.9499969482422
2025-07-08,05:47:00,180.89999389648438,180.9499969482422,180.89999389648438,180.9499969482422
2025-07-08,05:48:00,180.91000366210938,180.91000366210938,180.67999267578125,180.67999267578125
2025-07-08,05:49:00,180.69000244140625,180.74000549316406,180.25999450683594,180.52999877929688
2025-07-08,05:50:00,180.47999572753906,180.52000427246094,180.33999633789062,180.52000427246094
2025-07-08,05:51:00,180.60000610351562,180.72000122070312,180.49000549316406,180.5
2025-07-08,05:52:00,180.67999267578125,180.86000061035156,180.67999267578125,180.86000061035156
2025-07-08,05:53:00,180.85000610351562,180.85000610351562,180.80999755859375,180.80999755859375
2025-07-08,05:54:00,180.64999389648438,180.82000732421875,180.64999389648438,180.82000732421875
2025-07-08,05:55:00,180.85000610351562,180.85000610351562,180.80999755859375,180.85000610351562
2025-07-08,05:56:00,180.80999755859375,180.80999755859375,180.80999755859375,180.80999755859375
2025-07-08,05:57:00,180.85000610351562,180.85000610351562,180.85000610351562,180.85000610351562
2025-07-08,05:58:00,180.85000610351562,180.85000610351562,180.85000610351562,180.85000610351562
2025-07-08,05:59:00,180.74000549316406,180.7899932861328,180.74000549316406,180.7899932861328
2025-07-08,06:00:00,180.7899932861328,180.8000030517578,180.74000549316406,180.74000549316406
2025-07-08,06:01:00,180.85000610351562,180.92999267578125,180.85000610351562,180.92999267578125
2025-07-08,06:02:00,181.0,181.0,180.92999267578125,180.92999267578125
2025-07-08,06:03:00,181.0,181.02000427246094,181.0,181.02000427246094
2025-07-08,06:04:00,181.1199951171875,181.1300048828125,181.1199951171875,181.1300048828125
2025-07-08,06:05:00,181.1300048828125,181.1300048828125,181.1300048828125,181.1300048828125
2025-07-08,06:06:00,181.1300048828125,181.1300048828125,181.02000427246094,181.11000061035156
2025-07-08,06:07:00,181.02000427246094,181.10000610351562,180.6300048828125,180.6300048828125
2025-07-08,06:08:00,180.57000732421875,180.63999938964844,180.57000732421875,180.63999938964844
2025-07-08,06:09:00,180.63999938964844,180.64999389648438,180.5800018310547,180.5800018310547
2025-07-08,06:10:00,180.64999389648438,180.64999389648438,180.39999389648438,180.39999389648438
2025-07-08,06:11:00,180.3800048828125,180.52000427246094,180.3800048828125,180.52000427246094
2025-07-08,06:12:00,180.47999572753906,180.52999877929688,180.47999572753906,180.49000549316406
2025-07-08,06:13:00,180.49000549316406,180.49000549316406,180.47999572753906,180.47999572753906
2025-07-08,06:14:00,180.47999572753906,180.49000549316406,180.39999389648438,180.49000549316406
2025-07-08,06:15:00,180.5500030517578,180.55999755859375,180.4499969482422,180.4499969482422
2025-07-08,06:16:00,180.4499969482422,180.5399932861328,180.4499969482422,180.5399932861328
2025-07-08,06:17:00,180.4499969482422,180.4499969482422,180.44000244140625,180.4499969482422
2025-07-08,06:18:00,180.44000244140625,180.4499969482422,180.36000061035156,180.4499969482422
2025-07-08,06:19:00,180.4499969482422,180.4499969482422,180.36000061035156,180.4499969482422
2025-07-08,06:20:00,180.39999389648438,180.39999389648438,180.39999389648438,180.39999389648438
2025-07-08,06:21:00,180.47999572753906,180.47999572753906,180.47999572753906,180.47999572753906
2025-07-08,06:22:00,180.50999450683594,180.50999450683594,180.50999450683594,180.50999450683594
2025-07-08,06:23:00,180.50999450683594,180.50999450683594,180.50999450683594,180.50999450683594
2025-07-08,06:24:00,180.5500030517578,180.57000732421875,180.5500030517578,180.57000732421875
2025-07-08,06:25:00,180.57000732421875,180.57000732421875,180.50999450683594,180.57000732421875
2025-07-08,06:26:00,180.6999969482422,180.6999969482422,180.6699981689453,180.6699981689453
2025-07-08,06:27:00,180.72000122070312,180.77000427246094,180.6699981689453,180.6699981689453
2025-07-08,06:28:00,180.6699981689453,180.75999450683594,180.6699981689453,180.75999450683594
2025-07-08,06:29:00,180.75999450683594,180.75999450683594,180.75999450683594,180.75999450683594
2025-07-08,06:30:00,180.6999969482422,180.6999969482422,180.6999969482422,180.6999969482422
2025-07-08,06:31:00,180.6999969482422,180.72000122070312,180.6699981689453,180.6699981689453
2025-07-08,06:32:00,180.6999969482422,180.75,180.47999572753906,180.47999572753906
2025-07-08,06:33:00,180.47999572753906,180.6199951171875,180.47999572753906,180.61000061035156
2025-07-08,06:34:00,180.61000061035156,180.61000061035156,180.47999572753906,180.47999572753906
2025-07-08,06:35:00,180.64999389648438,180.64999389648438,180.36000061035156,180.36000061035156
2025-07-08,06:36:00,180.35000610351562,180.38999938964844,180.35000610351562,180.38999938964844
2025-07-08,06:37:00,180.41000366210938,180.41000366210938,180.41000366210938,180.41000366210938
2025-07-08,06:39:00,180.38999938964844,180.38999938964844,180.22999572753906,180.22999572753906
2025-07-08,06:40:00,180.27000427246094,180.2899932861328,180.24000549316406,180.24000549316406
2025-07-08,06:41:00,180.24000549316406,180.4199981689453,180.24000549316406,180.41000366210938
2025-07-08,06:42:00,180.4199981689453,180.49000549316406,180.30999755859375,180.30999755859375
2025-07-08,06:43:00,180.38999938964844,180.39999389648438,180.38999938964844,180.39999389648438
2025-07-08,06:44:00,180.38999938964844,180.39999389648438,180.38999938964844,180.39999389648438
2025-07-08,06:45:00,180.39999389648438,180.39999389648438,180.0500030517578,180.1999969482422
2025-07-08,06:46:00,180.19000244140625,180.2899932861328,180.19000244140625,180.2899932861328
2025-07-08,06:47:00,180.2899932861328,180.3300018310547,180.25,180.25
2025-07-08,06:48:00,180.3300018310547,180.38999938964844,180.3300018310547,180.38999938964844
2025-07-08,06:49:00,180.38999938964844,180.38999938964844,180.2899932861328,180.2899932861328
2025-07-08,06:50:00,180.3000030517578,180.3000030517578,180.3000030517578,180.3000030517578
2025-07-08,06:51:00,180.25,180.3000030517578,180.02999877929688,180.16000366210938
2025-07-08,06:52:00,180.02999877929688,180.11000061035156,180.0,180.11000061035156
2025-07-08,06:53:00,180.17999267578125,180.17999267578125,180.17999267578125,180.17999267578125
2025-07-08,06:54:00,180.1999969482422,180.1999969482422,180.1999969482422,180.1999969482422
2025-07-08,06:55:00,180.3000030517578,180.3000030517578,180.3000030517578,180.3000030517578
2025-07-08,06:56:00,180.3000030517578,180.3000030517578,180.3000030517578,180.3000030517578
2025-07-08,06:57:00,180.30999755859375,180.38999938964844,180.30999755859375,180.38999938964844
2025-07-08,06:58:00,180.38999938964844,180.39999389648438,180.32000732421875,180.39999389648438
2025-07-08,06:59:00,180.39999389648438,180.5,180.39999389648438,180.5
2025-07-08,07:00:00,180.47000122070312,180.47000122070312,180.39999389648438,180.39999389648438
2025-07-08,07:01:00,180.3800048828125,180.50999450683594,180.3800048828125,180.50999450683594
2025-07-08,07:02:00,180.5,180.5,180.39999389648438,180.39999389648438
2025-07-08,07:03:00,180.47000122070312,180.5500030517578,180.39999389648438,180.5500030517578
2025-07-08,07:04:00,180.47000122070312,180.47999572753906,180.47000122070312,180.47999572753906
2025-07-08,07:05:00,180.52000427246094,180.5399932861328,180.52000427246094,180.5399932861328
2025-07-08,07:06:00,180.5399932861328,180.5399932861328,180.5399932861328,180.5399932861328
2025-07-08,07:07:00,180.5399932861328,180.5399932861328,180.5399932861328,180.5399932861328
2025-07-08,07:08:00,180.5399932861328,180.5399932861328,180.5399932861328,180.5399932861328
2025-07-08,07:09:00,180.47999572753906,180.60000610351562,180.3699951171875,180.60000610351562
2025-07-08,07:10:00,180.7100067138672,181.10000610351562,180.4199981689453,180.4199981689453
2025-07-08,07:11:00,180.5399932861328,180.5500030517578,180.41000366210938,180.50999450683594
2025-07-08,07:12:00,180.61000061035156,180.72000122070312,180.61000061035156,180.72000122070312
2025-07-08,07:13:00,180.6999969482422,180.77999877929688,180.6999969482422,180.77999877929688
2025-07-08,07:14:00,180.77999877929688,180.85000610351562,180.75,180.85000610351562
2025-07-08,07:15:00,180.85000610351562,180.85000610351562,180.82000732421875,180.82000732421875
2025-07-08,07:16:00,180.8000030517578,180.8000030517578,180.8000030517578,180.8000030517578
2025-07-08,07:18:00,180.80999755859375,180.80999755859375,180.80999755859375,180.80999755859375
2025-07-08,07:19:00,180.8300018310547,180.8800048828125,180.8300018310547,180.8800048828125
2025-07-08,07:20:00,180.8800048828125,180.8800048828125,180.6999969482422,180.6999969482422
2025-07-08,07:21:00,180.6199951171875,180.72999572753906,180.6199951171875,180.72999572753906
2025-07-08,07:22:00,180.66000366210938,180.72999572753906,180.66000366210938,180.72999572753906
2025-07-08,07:23:00,180.72999572753906,180.83999633789062,180.72999572753906,180.83999633789062
2025-07-08,07:24:00,180.83999633789062,180.89999389648438,180.83999633789062,180.85000610351562
2025-07-08,07:25:00,180.83999633789062,180.85000610351562,180.83999633789062,180.85000610351562
2025-07-08,07:26:00,180.85000610351562,180.85000610351562,180.85000610351562,180.85000610351562
2025-07-08,07:27:00,180.85000610351562,180.86000061035156,180.85000610351562,180.85000610351562
2025-07-08,07:28:00,180.8699951171875,180.89999389648438,180.8000030517578,180.8000030517578
2025-07-08,07:29:00,180.7100067138672,180.8000030517578,180.61000061035156,180.8000030517578
2025-07-08,07:30:00,180.63999938964844,180.67999267578125,180.63999938964844,180.67999267578125
2025-07-08,07:31:00,180.75999450683594,180.75999450683594,180.25999450683594,180.5800018310547
2025-07-08,07:32:00,180.39999389648438,180.52000427246094,180.39999389648438,180.52000427246094
2025-07-08,07:33:00,180.52999877929688,180.61000061035156,180.52999877929688,180.61000061035156
2025-07-08,07:34:00,180.69000244140625,180.69000244140625,180.6300048828125,180.67999267578125
2025-07-08,07:35:00,180.67999267578125,180.67999267578125,180.67999267578125,180.67999267578125
2025-07-08,07:36:00,180.6999969482422,180.6999969482422,180.6999969482422,180.6999969482422
2025-07-08,07:37:00,180.6999969482422,180.7899932861328,180.6199951171875,180.6199951171875
2025-07-08,07:38:00,180.77999877929688,180.77999877929688,180.69000244140625,180.69000244140625
2025-07-08,07:39:00,180.69000244140625,180.69000244140625,180.69000244140625,180.69000244140625
2025-07-08,07:40:00,180.69000244140625,180.69000244140625,180.61000061035156,180.61000061035156
2025-07-08,07:41:00,180.69000244140625,180.69000244140625,180.69000244140625,180.69000244140625
2025-07-08,07:42:00,180.44000244140625,180.60000610351562,180.44000244140625,180.5399932861328
2025-07-08,07:43:00,180.6699981689453,180.6699981689453,180.39999389648438,180.39999389648438
2025-07-08,07:44:00,180.41000366210938,180.5800018310547,180.41000366210938,180.5800018310547
2025-07-08,07:45:00,180.4600067138672,180.5500030517578,180.4499969482422,180.4499969482422
2025-07-08,07:46:00,180.55999755859375,180.7899932861328,180.55999755859375,180.75
2025-07-08,07:47:00,180.75,180.75,180.6999969482422,180.72000122070312
2025-07-08,07:48:00,180.64999389648438,180.80999755859375,180.64999389648438,180.75
2025-07-08,07:50:00,180.72000122070312,180.75999450683594,180.55999755859375,180.75999450683594
2025-07-08,07:51:00,180.74000549316406,180.7899932861328,180.74000549316406,180.7899932861328
2025-07-08,07:52:00,180.74000549316406,180.7899932861328,180.74000549316406,180.7899932861328
2025-07-08,07:53:00,180.66000366210938,180.66000366210938,180.6300048828125,180.6300048828125
2025-07-08,07:54:00,180.74000549316406,180.77999877929688,180.5800018310547,180.5800018310547
2025-07-08,07:55:00,180.67999267578125,180.67999267578125,180.5500030517578,180.67999267578125
2025-07-08,07:56:00,180.5399932861328,180.89999389648438,180.5399932861328,180.89999389648438
2025-07-08,07:57:00,181.0,181.36000061035156,181.0,181.22999572753906
2025-07-08,07:58:00,181.35000610351562,181.3800048828125,181.16000366210938,181.16000366210938
2025-07-08,07:59:00,181.10000610351562,181.1999969482422,181.10000610351562,181.1999969482422
2025-07-08,08:00:00,181.1999969482422,181.1999969482422,181.1999969482422,181.1999969482422
2025-07-08,08:01:00,181.3000030517578,181.3000030517578,181.3000030517578,181.3000030517578
2025-07-08,08:02:00,181.30999755859375,181.30999755859375,181.2899932861328,181.2899932861328
2025-07-08,08:04:00,181.27999877929688,181.30999755859375,181.27999877929688,181.30999755859375
2025-07-08,08:05:00,181.30999755859375,181.30999755859375,181.30999755859375,181.30999755859375
2025-07-08,08:06:00,181.3300018310547,181.33999633789062,181.3300018310547,181.33999633789062
2025-07-08,08:07:00,181.2899932861328,181.2899932861328,181.10000610351562,181.10000610351562
2025-07-08,08:08:00,181.22999572753906,181.22999572753906,180.61000061035156,180.61000061035156
2025-07-08,08:09:00,180.77999877929688,180.77999877929688,180.55999755859375,180.69000244140625
2025-07-08,08:10:00,180.64999389648438,180.82000732421875,180.55999755859375,180.8000030517578
2025-07-08,08:11:00,180.8000030517578,180.8300018310547,180.8000030517578,180.8300018310547
2025-07-08,08:12:00,180.83999633789062,181.2100067138672,180.83999633789062,181.2100067138672
2025-07-08,08:13:00,180.9199981689453,181.02999877929688,180.9199981689453,181.02999877929688
2025-07-08,08:14:00,180.9499969482422,181.02999877929688,180.9499969482422,181.02999877929688
2025-07-08,08:15:00,181.02999877929688,181.02999877929688,181.02999877929688,181.02999877929688
2025-07-08,08:16:00,181.13999938964844,181.13999938964844,181.13999938964844,181.13999938964844
2025-07-08,08:17:00,180.72000122070312,181.02999877929688,180.72000122070312,180.99000549316406
2025-07-08,08:18:00,181.07000732421875,181.1300048828125,181.0500030517578,181.10000610351562
2025-07-08,08:19:00,181.1199951171875,181.13999938964844,181.0399932861328,181.13999938964844
2025-07-08,08:20:00,181.16000366210938,181.16000366210938,181.1300048828125,181.1300048828125
2025-07-08,08:21:00,181.1300048828125,181.1300048828125,181.1199951171875,181.1199951171875
2025-07-08,08:22:00,181.0800018310547,181.0800018310547,181.0,181.0
2025-07-08,08:23:00,181.0,181.0,181.0,181.0
2025-07-08,08:24:00,181.0,181.0,180.99000549316406,180.99000549316406
2025-07-08,08:25:00,181.0,181.02000427246094,181.0,181.02000427246094
2025-07-08,08:26:00,181.11000061035156,181.11000061035156,181.11000061035156,181.11000061035156
2025-07-08,08:27:00,181.0,181.0,181.0,181.0
2025-07-08,08:28:00,181.08999633789062,181.08999633789062,181.08999633789062,181.08999633789062
2025-07-08,08:29:00,181.08999633789062,181.08999633789062,181.0,181.0
2025-07-08,08:30:00,181.08999633789062,181.08999633789062,181.0,181.0
2025-07-08,08:31:00,181.08999633789062,181.10000610351562,181.08999633789062,181.10000610351562
2025-07-08,08:32:00,181.10000610351562,181.10000610351562,181.0,181.0
2025-07-08,08:33:00,181.0,181.0,181.0,181.0
2025-07-08,08:34:00,181.1199951171875,181.1199951171875,180.80999755859375,180.80999755859375
2025-07-08,08:35:00,180.8300018310547,181.0500030517578,180.8300018310547,181.02999877929688
2025-07-08,08:36:00,180.8699951171875,180.8699951171875,180.8000030517578,180.8000030517578
2025-07-08,08:37:00,180.8000030517578,180.85000610351562,180.8000030517578,180.85000610351562
2025-07-08,08:38:00,180.85000610351562,180.86000061035156,180.75,180.75
2025-07-08,08:39:00,180.72000122070312,180.82000732421875,180.72000122070312,180.8000030517578
2025-07-08,08:40:00,180.8300018310547,181.02999877929688,180.7899932861328,180.82000732421875
2025-07-08,08:41:00,180.82000732421875,180.8800048828125,180.49000549316406,180.49000549316406
2025-07-08,08:42:00,181.27000427246094,181.27000427246094,181.27000427246094,181.27000427246094
2025-07-08,08:43:00,181.1999969482422,181.22999572753906,181.1999969482422,181.22999572753906
2025-07-08,08:44:00,181.32000732421875,181.32000732421875,181.25,181.25
2025-07-08,08:45:00,181.19000244140625,181.19000244140625,181.07000732421875,181.07000732421875
2025-07-08,08:46:00,180.99000549316406,180.99000549316406,180.63999938964844,180.6999969482422
2025-07-08,08:47:00,180.6999969482422,180.8300018310547,180.6999969482422,180.75
2025-07-08,08:48:00,180.75,180.91000366210938,180.75,180.75
2025-07-08,08:49:00,180.75,180.83999633789062,180.69000244140625,180.75
2025-07-08,08:50:00,180.75,180.8300018310547,180.6999969482422,180.8000030517578
2025-07-08,08:51:00,180.74000549316406,180.97000122070312,180.6999969482422,180.97000122070312
2025-07-08,08:52:00,180.9199981689453,180.92999267578125,180.89999389648438,180.89999389648438
2025-07-08,08:53:00,181.0399932861328,181.0399932861328,180.8699951171875,180.8699951171875
2025-07-08,08:54:00,180.8699951171875,181.0399932861328,180.86000061035156,180.92999267578125
2025-07-08,08:55:00,181.0,181.19000244140625,181.0,181.19000244140625
2025-07-08,08:56:00,181.0500030517578,181.16000366210938,181.0,181.0
2025-07-08,08:57:00,181.13999938964844,181.14999389648438,181.0,181.0
2025-07-08,08:58:00,180.92999267578125,181.0,180.86000061035156,180.86000061035156
2025-07-08,08:59:00,181.0399932861328,181.0399932861328,180.8699951171875,181.02999877929688
2025-07-08,09:00:00,180.8800048828125,180.89999389648438,180.77000427246094,180.77000427246094
2025-07-08,09:01:00,180.77000427246094,180.8800048828125,180.6999969482422,180.6999969482422
2025-07-08,09:02:00,180.6999969482422,180.83999633789062,180.67999267578125,180.67999267578125
2025-07-08,09:03:00,180.60000610351562,180.7100067138672,180.60000610351562,180.60000610351562
2025-07-08,09:04:00,180.55999755859375,180.74000549316406,180.55999755859375,180.63999938964844
2025-07-08,09:05:00,180.55999755859375,180.55999755859375,180.5,180.5
2025-07-08,09:06:00,180.50999450683594,180.63999938964844,180.5,180.5
2025-07-08,09:07:00,180.5,180.50999450683594,180.3000030517578,180.3000030517578
2025-07-08,09:08:00,180.36000061035156,180.4199981689453,180.3000030517578,180.3800048828125
2025-07-08,09:09:00,180.4499969482422,180.5399932861328,180.4499969482422,180.5399932861328
2025-07-08,09:10:00,180.52999877929688,180.52999877929688,180.32000732421875,180.44000244140625
2025-07-08,09:11:00,180.4600067138672,180.4600067138672,180.36000061035156,180.42999267578125
2025-07-08,09:12:00,180.4499969482422,180.63999938964844,180.42999267578125,180.63999938964844
2025-07-08,09:13:00,180.63999938964844,180.67999267578125,180.63999938964844,180.63999938964844
2025-07-08,09:14:00,180.69000244140625,180.82000732421875,180.69000244140625,180.7100067138672
2025-07-08,09:15:00,180.6999969482422,180.8000030517578,180.57000732421875,180.8000030517578
2025-07-08,09:16:00,180.89999389648438,180.9499969482422,180.89999389648438,180.9499969482422
2025-07-08,09:17:00,180.99000549316406,181.14999389648438,180.97999572753906,181.14999389648438
2025-07-08,09:18:00,181.02999877929688,181.11000061035156,180.99000549316406,181.11000061035156
2025-07-08,09:19:00,181.0500030517578,181.25,181.0500030517578,181.1300048828125
2025-07-08,09:20:00,181.2100067138672,181.2899932861328,181.2100067138672,181.25
2025-07-08,09:21:00,181.27999877929688,181.27999877929688,181.1999969482422,181.1999969482422
2025-07-08,09:22:00,181.3000030517578,181.3000030517578,181.0800018310547,181.10000610351562
2025-07-08,09:23:00,181.16000366210938,181.16000366210938,180.97000122070312,181.0800018310547
2025-07-08,09:24:00,181.0800018310547,181.10000610351562,181.0800018310547,181.10000610351562
2025-07-08,09:25:00,181.10000610351562,181.10000610351562,181.0500030517578,181.10000610351562
2025-07-08,09:26:00,181.10000610351562,181.10000610351562,181.00999450683594,181.0800018310547
2025-07-08,09:27:00,181.08999633789062,181.08999633789062,180.92999267578125,180.92999267578125
2025-07-08,09:28:00,181.0800018310547,181.08999633789062,180.9499969482422,181.08999633789062
2025-07-08,09:29:00,181.08999633789062,181.17999267578125,181.0,181.17999267578125
2025-07-08,09:30:00,181.1699981689453,181.1699981689453,181.0399932861328,181.0800018310547
2025-07-08,09:31:00,181.07000732421875,181.07000732421875,180.97999572753906,180.97999572753906
2025-07-08,09:32:00,180.94000244140625,180.94000244140625,180.80999755859375,180.8800048828125
2025-07-08,09:33:00,180.8800048828125,180.8800048828125,180.80999755859375,180.8699951171875
2025-07-08,09:34:00,180.75999450683594,180.91000366210938,180.75999450683594,180.89999389648438
2025-07-08,09:35:00,180.77999877929688,180.9499969482422,180.77999877929688,180.9499969482422
2025-07-08,09:36:00,180.9499969482422,180.99000549316406,180.89999389648438,180.97999572753906
2025-07-08,09:37:00,180.97999572753906,180.97999572753906,180.94000244140625,180.97999572753906
2025-07-08,09:38:00,180.97999572753906,180.99000549316406,180.97999572753906,180.97999572753906
2025-07-08,09:39:00,181.0,181.19000244140625,180.94000244140625,181.11000061035156
2025-07-08,09:40:00,181.07000732421875,181.07000732421875,180.89999389648438,181.0
2025-07-08,09:41:00,181.07000732421875,181.07000732421875,180.8800048828125,180.8800048828125
2025-07-08,09:42:00,180.86000061035156,180.89999389648438,180.85000610351562,180.89999389648438
2025-07-08,09:43:00,180.89999389648438,180.94000244140625,180.85000610351562,180.9199981689453
2025-07-08,09:44:00,180.8300018310547,180.91000366210938,180.8300018310547,180.8300018310547
2025-07-08,09:45:00,180.82000732421875,180.85000610351562,180.8000030517578,180.85000610351562
2025-07-08,09:46:00,180.83999633789062,180.89999389648438,180.8000030517578,180.89999389648438
2025-07-08,09:47:00,180.83999633789062,180.83999633789062,180.72999572753906,180.72999572753906
2025-07-08,09:48:00,180.85000610351562,180.85000610351562,180.4499969482422,180.50999450683594
2025-07-08,09:49:00,180.61000061035156,180.75,180.5399932861328,180.63999938964844
2025-07-08,09:50:00,180.7899932861328,180.7899932861328,180.5,180.69000244140625
2025-07-08,09:51:00,180.64999389648438,180.67999267578125,180.57000732421875,180.57000732421875
2025-07-08,09:52:00,180.64999389648438,180.82000732421875,180.64999389648438,180.77000427246094
2025-07-08,09:53:00,180.77000427246094,180.77999877929688,180.5,180.6699981689453
2025-07-08,09:54:00,180.6699981689453,180.91000366210938,180.55999755859375,180.69000244140625
2025-07-08,09:55:00,180.69000244140625,180.8300018310547,180.69000244140625,180.77000427246094
2025-07-08,09:56:00,180.77999877929688,180.8800048828125,180.75,180.86000061035156
2025-07-08,09:57:00,180.75999450683594,180.85000610351562,180.75999450683594,180.85000610351562
2025-07-08,09:58:00,180.85000610351562,180.85000610351562,180.7899932861328,180.85000610351562
2025-07-08,09:59:00,180.85000610351562,180.85000610351562,180.85000610351562,180.85000610351562
2025-07-09,03:45:00,180.85000610351562,180.85000610351562,180.3699951171875,180.5399932861328
2025-07-09,03:46:00,180.5,181.19000244140625,180.5,180.85000610351562
2025-07-09,03:47:00,180.8000030517578,180.99000549316406,180.8000030517578,180.99000549316406
2025-07-09,03:48:00,181.0,181.00999450683594,180.99000549316406,181.00999450683594
2025-07-09,03:49:00,181.14999389648438,181.42999267578125,181.0500030517578,181.4199981689453
2025-07-09,03:50:00,181.19000244140625,181.19000244140625,181.14999389648438,181.14999389648438
2025-07-09,03:51:00,181.14999389648438,181.5500030517578,181.14999389648438,181.5500030517578
2025-07-09,03:52:00,181.39999389648438,181.39999389648438,181.0,181.0
2025-07-09,03:53:00,181.08999633789062,181.41000366210938,181.0,181.24000549316406
2025-07-09,03:54:00,181.0399932861328,181.0399932861328,180.97000122070312,180.97000122070312
2025-07-09,03:55:00,180.77000427246094,181.1199951171875,180.77000427246094,180.97999572753906
2025-07-09,03:56:00,180.97999572753906,181.25,180.97999572753906,181.25
2025-07-09,03:57:00,181.27999877929688,181.27999877929688,181.0,181.10000610351562
2025-07-09,03:58:00,181.22999572753906,181.22999572753906,181.0,181.1699981689453
2025-07-09,03:59:00,181.1699981689453,181.3800048828125,181.14999389648438,181.3800048828125
2025-07-09,04:00:00,181.49000549316406,181.49000549316406,181.3300018310547,181.3300018310547
2025-07-09,04:01:00,181.11000061035156,181.11000061035156,181.05999755859375,181.05999755859375
2025-07-09,04:02:00,181.07000732421875,181.16000366210938,181.07000732421875,181.16000366210938
2025-07-09,04:03:00,181.25,181.4199981689453,181.00999450683594,181.00999450683594
2025-07-09,04:04:00,181.24000549316406,181.24000549316406,181.22999572753906,181.22999572753906
2025-07-09,04:05:00,181.25999450683594,181.25999450683594,181.25999450683594,181.25999450683594
2025-07-09,04:06:00,181.25999450683594,181.30999755859375,181.11000061035156,181.1999969482422
2025-07-09,04:07:00,181.11000061035156,181.14999389648438,181.10000610351562,181.14999389648438
2025-07-09,04:08:00,181.10000610351562,181.17999267578125,181.10000610351562,181.13999938964844
2025-07-09,04:09:00,180.97999572753906,180.99000549316406,180.97999572753906,180.99000549316406
2025-07-09,04:10:00,181.0,181.0,180.80999755859375,180.80999755859375
2025-07-09,04:11:00,180.91000366210938,180.91000366210938,180.91000366210938,180.91000366210938
2025-07-09,04:12:00,180.91000366210938,181.02999877929688,180.91000366210938,181.02999877929688
2025-07-09,04:13:00,181.00999450683594,181.02000427246094,180.85000610351562,180.94000244140625
2025-07-09,04:14:00,181.0399932861328,181.0399932861328,181.0,181.0
2025-07-09,04:15:00,181.02999877929688,181.02999877929688,180.8000030517578,180.8000030517578
2025-07-09,04:16:00,180.8000030517578,180.8000030517578,180.8000030517578,180.8000030517578
2025-07-09,04:17:00,180.8000030517578,180.9199981689453,180.77999877929688,180.91000366210938
2025-07-09,04:18:00,180.75,180.8000030517578,180.6999969482422,180.6999969482422
2025-07-09,04:19:00,180.7899932861328,180.97000122070312,180.7899932861328,180.97000122070312
2025-07-09,04:20:00,180.85000610351562,180.85000610351562,180.7899932861328,180.7899932861328
2025-07-09,04:21:00,180.75999450683594,180.8000030517578,180.47999572753906,180.47999572753906
2025-07-09,04:22:00,180.5399932861328,180.58999633789062,180.5399932861328,180.58999633789062
2025-07-09,04:23:00,180.60000610351562,180.8000030517578,180.60000610351562,180.60000610351562
2025-07-09,04:24:00,180.60000610351562,180.60000610351562,180.25999450683594,180.25999450683594
2025-07-09,04:25:00,180.44000244140625,180.4499969482422,180.44000244140625,180.44000244140625
2025-07-09,04:26:00,180.44000244140625,180.44000244140625,180.44000244140625,180.44000244140625
2025-07-09,04:27:00,180.44000244140625,180.44000244140625,180.44000244140625,180.44000244140625
2025-07-09,04:28:00,180.44000244140625,180.44000244140625,180.3699951171875,180.3699951171875
2025-07-09,04:29:00,180.3699951171875,180.44000244140625,180.3699951171875,180.44000244140625
2025-07-09,04:30:00,180.44000244140625,180.44000244140625,180.38999938964844,180.38999938964844
2025-07-09,04:31:00,180.7100067138672,180.7100067138672,180.38999938964844,180.38999938964844
2025-07-09,04:32:00,180.39999389648438,180.58999633789062,180.38999938964844,180.38999938964844
2025-07-09,04:33:00,180.5,180.5399932861328,180.5,180.5
2025-07-09,04:34:00,180.5500030517578,180.5500030517578,180.4199981689453,180.5399932861328
2025-07-09,04:35:00,180.3000030517578,180.4199981689453,180.3000030517578,180.4199981689453
2025-07-09,04:36:00,180.4199981689453,180.4199981689453,180.4199981689453,180.4199981689453
2025-07-09,04:37:00,180.4199981689453,180.4199981689453,180.05999755859375,180.05999755859375
2025-07-09,04:38:00,180.0,180.38999938964844,180.0,180.38999938964844
2025-07-09,04:39:00,180.47999572753906,180.47999572753906,180.27000427246094,180.4199981689453
2025-07-09,04:40:00,180.4199981689453,180.4199981689453,180.27000427246094,180.39999389648438
2025-07-09,04:41:00,180.39999389648438,180.39999389648438,180.25,180.25
2025-07-09,04:42:00,180.39999389648438,180.39999389648438,180.1300048828125,180.1300048828125
2025-07-09,04:43:00,180.33999633789062,180.5399932861328,180.33999633789062,180.5399932861328
2025-07-09,04:44:00,180.52999877929688,180.52999877929688,180.42999267578125,180.42999267578125
2025-07-09,04:45:00,180.44000244140625,180.44000244140625,180.30999755859375,180.30999755859375
2025-07-09,04:46:00,180.38999938964844,180.63999938964844,180.38999938964844,180.63999938964844
2025-07-09,04:47:00,180.6300048828125,180.6300048828125,180.36000061035156,180.50999450683594
2025-07-09,04:48:00,180.50999450683594,180.50999450683594,180.5,180.5
2025-07-09,04:49:00,180.49000549316406,180.5,180.49000549316406,180.5
2025-07-09,04:50:00,180.50999450683594,180.50999450683594,180.5,180.5
2025-07-09,04:51:00,180.50999450683594,180.63999938964844,180.50999450683594,180.63999938964844
2025-07-09,04:52:00,180.6199951171875,180.69000244140625,180.4600067138672,180.69000244140625
2025-07-09,04:53:00,180.63999938964844,180.64999389648438,180.6300048828125,180.64999389648438
2025-07-09,04:54:00,180.7100067138672,180.72999572753906,180.64999389648438,180.72999572753906
2025-07-09,04:56:00,180.7100067138672,180.75999450683594,180.7100067138672,180.75999450683594
2025-07-09,04:57:00,180.7100067138672,180.77999877929688,180.7100067138672,180.77999877929688
2025-07-09,04:58:00,180.7899932861328,180.7899932861328,180.64999389648438,180.6999969482422
2025-07-09,04:59:00,180.7100067138672,180.7100067138672,180.69000244140625,180.69000244140625
2025-07-09,05:00:00,180.5,180.55999755859375,180.5,180.55999755859375
2025-07-09,05:01:00,180.57000732421875,180.57000732421875,180.5500030517578,180.5500030517578
2025-07-09,05:02:00,180.55999755859375,180.55999755859375,180.5500030517578,180.5500030517578
2025-07-09,05:03:00,180.5500030517578,180.55999755859375,180.5500030517578,180.55999755859375
2025-07-09,05:04:00,180.58999633789062,180.58999633789062,180.5500030517578,180.5500030517578
2025-07-09,05:05:00,180.5800018310547,180.5800018310547,180.5800018310547,180.5800018310547
2025-07-09,05:06:00,180.5800018310547,180.5800018310547,180.5800018310547,180.5800018310547
2025-07-09,05:07:00,180.5500030517578,180.5500030517578,180.5500030517578,180.5500030517578
2025-07-09,05:08:00,180.5800018310547,180.5800018310547,180.5800018310547,180.5800018310547
2025-07-09,05:09:00,180.5800018310547,180.5800018310547,180.5500030517578,180.5500030517578
2025-07-09,05:10:00,180.5800018310547,180.5800018310547,180.5,180.5800018310547
2025-07-09,05:11:00,180.5800018310547,180.5800018310547,180.5800018310547,180.5800018310547
2025-07-09,05:12:00,180.60000610351562,180.60000610351562,180.60000610351562,180.60000610351562
2025-07-09,05:13:00,180.7100067138672,180.7100067138672,180.5500030517578,180.6999969482422
2025-07-09,05:14:00,180.55999755859375,180.6999969482422,180.55999755859375,180.6999969482422
2025-07-09,05:15:00,180.72999572753906,180.75,180.72999572753906,180.75
2025-07-09,05:16:00,180.72999572753906,180.72999572753906,180.6699981689453,180.6699981689453
2025-07-09,05:17:00,180.66000366210938,180.66000366210938,180.5,180.5
2025-07-09,05:18:00,180.5,180.60000610351562,180.5,180.5500030517578
2025-07-09,05:19:00,180.5500030517578,180.5500030517578,180.5500030517578,180.5500030517578
2025-07-09,05:21:00,180.64999389648438,180.64999389648438,180.64999389648438,180.64999389648438
2025-07-09,05:24:00,180.6999969482422,180.6999969482422,180.64999389648438,180.64999389648438
2025-07-09,05:25:00,180.72999572753906,180.72999572753906,180.72999572753906,180.72999572753906
2025-07-09,05:26:00,180.74000549316406,180.75,180.66000366210938,180.75
2025-07-09,05:27:00,180.75,180.75,180.64999389648438,180.64999389648438
2025-07-09,05:28:00,180.75,180.75,180.75,180.75
2025-07-09,05:29:00,180.75,180.75,180.64999389648438,180.64999389648438
2025-07-09,05:30:00,180.7100067138672,180.7100067138672,180.64999389648438,180.64999389648438
2025-07-09,05:31:00,180.64999389648438,180.64999389648438,180.64999389648438,180.64999389648438
2025-07-09,05:32:00,180.6999969482422,180.6999969482422,180.6999969482422,180.6999969482422
2025-07-09,05:33:00,180.6999969482422,180.6999969482422,180.6999969482422,180.6999969482422
2025-07-09,05:34:00,180.6999969482422,180.6999969482422,180.6999969482422,180.6999969482422
2025-07-09,05:35:00,180.6999969482422,180.6999969482422,180.60000610351562,180.61000061035156
2025-07-09,05:36:00,180.61000061035156,180.66000366210938,180.61000061035156,180.66000366210938
2025-07-09,05:37:00,180.6999969482422,180.7100067138672,180.60000610351562,180.6999969482422
2025-07-09,05:38:00,180.6999969482422,180.6999969482422,180.69000244140625,180.69000244140625
2025-07-09,05:39:00,180.72000122070312,180.72000122070312,180.72000122070312,180.72000122070312
2025-07-09,05:40:00,180.8000030517578,180.8000030517578,180.72999572753906,180.72999572753906
2025-07-09,05:41:00,180.75,180.75,180.75,180.75
2025-07-09,05:42:00,180.75999450683594,180.75999450683594,180.75999450683594,180.75999450683594
2025-07-09,05:44:00,180.72000122070312,180.72000122070312,180.5500030517578,180.69000244140625
2025-07-09,05:45:00,180.61000061035156,180.61000061035156,180.61000061035156,180.61000061035156
2025-07-09,05:48:00,180.5800018310547,180.5800018310547,180.5800018310547,180.5800018310547
2025-07-09,05:49:00,180.60000610351562,180.60000610351562,180.60000610351562,180.60000610351562
2025-07-09,05:51:00,180.6999969482422,180.72999572753906,180.6999969482422,180.72999572753906
2025-07-09,05:52:00,180.77000427246094,180.77999877929688,180.64999389648438,180.77000427246094
2025-07-09,05:53:00,180.77999877929688,180.77999877929688,180.77999877929688,180.77999877929688
2025-07-09,05:54:00,180.7899932861328,180.7899932861328,180.63999938964844,180.63999938964844
2025-07-09,05:55:00,180.77999877929688,180.77999877929688,180.77999877929688,180.77999877929688
2025-07-09,05:56:00,180.75,180.77000427246094,180.75,180.77000427246094
2025-07-09,05:57:00,180.77999877929688,180.77999877929688,180.77999877929688,180.77999877929688
2025-07-09,05:58:00,180.9499969482422,181.0,180.9499969482422,181.0
2025-07-09,05:59:00,181.0,181.00999450683594,180.89999389648438,180.89999389648438
2025-07-09,06:00:00,180.88999938964844,180.88999938964844,180.88999938964844,180.88999938964844
2025-07-09,06:01:00,180.63999938964844,180.64999389648438,180.63999938964844,180.64999389648438
2025-07-09,06:02:00,180.82000732421875,180.82000732421875,180.77999877929688,180.77999877929688
2025-07-09,06:03:00,180.80999755859375,180.80999755859375,180.80999755859375,180.80999755859375
2025-07-09,06:04:00,180.80999755859375,180.80999755859375,180.80999755859375,180.80999755859375
2025-07-09,06:05:00,180.8000030517578,180.83999633789062,180.8000030517578,180.83999633789062
2025-07-09,06:06:00,180.80999755859375,180.80999755859375,180.80999755859375,180.80999755859375
2025-07-09,06:07:00,180.8000030517578,180.82000732421875,180.72000122070312,180.72000122070312
2025-07-09,06:08:00,180.7100067138672,180.80999755859375,180.7100067138672,180.80999755859375
2025-07-09,06:09:00,180.8000030517578,180.8000030517578,180.8000030517578,180.8000030517578
2025-07-09,06:11:00,180.8000030517578,180.80999755859375,180.8000030517578,180.8000030517578
2025-07-09,06:12:00,180.80999755859375,180.80999755859375,180.8000030517578,180.8000030517578
2025-07-09,06:13:00,180.66000366210938,180.7899932861328,180.66000366210938,180.7899932861328
2025-07-09,06:14:00,180.77000427246094,180.77000427246094,180.66000366210938,180.75999450683594
2025-07-09,06:15:00,180.75999450683594,180.75999450683594,180.64999389648438,180.64999389648438
2025-07-09,06:16:00,180.75,180.75,180.75,180.75
2025-07-09,06:17:00,180.75,180.75,180.75,180.75
2025-07-09,06:18:00,180.75,180.75,180.75,180.75
2025-07-09,06:19:00,180.75,180.75,180.75,180.75
2025-07-09,06:20:00,180.5800018310547,180.63999938964844,180.5800018310547,180.63999938964844
2025-07-09,06:21:00,180.6300048828125,180.6300048828125,180.5800018310547,180.5800018310547
2025-07-09,06:22:00,180.50999450683594,180.50999450683594,180.50999450683594,180.50999450683594
2025-07-09,06:23:00,180.60000610351562,180.60000610351562,180.35000610351562,180.35000610351562
2025-07-09,06:24:00,180.3699951171875,180.42999267578125,180.30999755859375,180.30999755859375
2025-07-09,06:25:00,180.42999267578125,180.42999267578125,180.25,180.25
2025-07-09,06:26:00,180.25,180.25,180.0,180.16000366210938
2025-07-09,06:27:00,180.02999877929688,180.16000366210938,180.02999877929688,180.16000366210938
2025-07-09,06:28:00,180.16000366210938,180.17999267578125,180.16000366210938,180.17999267578125
2025-07-09,06:29:00,180.17999267578125,180.19000244140625,180.17999267578125,180.19000244140625
2025-07-09,06:30:00,180.19000244140625,180.19000244140625,180.05999755859375,180.05999755859375
2025-07-09,06:31:00,180.1699981689453,180.19000244140625,180.1699981689453,180.19000244140625
2025-07-09,06:32:00,180.10000610351562,180.19000244140625,180.10000610351562,180.19000244140625
2025-07-09,06:33:00,180.19000244140625,180.19000244140625,180.00999450683594,180.1199951171875
2025-07-09,06:34:00,180.02000427246094,180.08999633789062,180.0,180.0
2025-07-09,06:35:00,180.0,180.08999633789062,180.0,180.0800018310547
2025-07-09,06:36:00,180.08999633789062,180.08999633789062,179.91000366210938,179.99000549316406
2025-07-09,06:37:00,179.99000549316406,180.0,179.99000549316406,179.99000549316406
2025-07-09,06:38:00,180.0,180.0,179.85000610351562,179.97999572753906
2025-07-09,06:39:00,179.97999572753906,180.0,179.97999572753906,180.0
2025-07-09,06:40:00,180.00999450683594,180.00999450683594,180.00999450683594,180.00999450683594
2025-07-09,06:41:00,180.00999450683594,180.22000122070312,180.00999450683594,180.1999969482422
2025-07-09,06:42:00,180.1699981689453,180.1999969482422,180.1699981689453,180.1999969482422
2025-07-09,06:43:00,180.25,180.25,180.1999969482422,180.1999969482422
2025-07-09,06:44:00,180.0,180.0,180.0,180.0
2025-07-09,06:46:00,180.00999450683594,180.00999450683594,180.00999450683594,180.00999450683594
2025-07-09,06:47:00,180.00999450683594,180.00999450683594,180.00999450683594,180.00999450683594
2025-07-09,06:48:00,180.00999450683594,180.00999450683594,179.89999389648438,179.89999389648438
2025-07-09,06:49:00,179.99000549316406,179.99000549316406,179.99000549316406,179.99000549316406
2025-07-09,06:50:00,179.89999389648438,180.0,179.89999389648438,179.99000549316406
2025-07-09,06:51:00,179.99000549316406,179.99000549316406,179.85000610351562,179.85000610351562
2025-07-09,06:52:00,179.99000549316406,179.99000549316406,179.99000549316406,179.99000549316406
2025-07-09,06:53:00,180.0,180.0,179.85000610351562,179.99000549316406
2025-07-09,06:54:00,179.85000610351562,179.89999389648438,179.25,179.6999969482422
2025-07-09,06:55:00,179.41000366210938,179.55999755859375,179.41000366210938,179.55999755859375
2025-07-09,06:56:00,179.69000244140625,179.69000244140625,179.5800018310547,179.5800018310547
2025-07-09,06:57:00,179.67999267578125,179.67999267578125,179.67999267578125,179.67999267578125
2025-07-09,06:58:00,179.67999267578125,179.72000122070312,179.67999267578125,179.72000122070312
2025-07-09,06:59:00,179.72999572753906,179.89999389648438,179.72999572753906,179.89999389648438
2025-07-09,07:00:00,179.9499969482422,179.9499969482422,179.91000366210938,179.91000366210938
2025-07-09,07:01:00,179.85000610351562,179.85000610351562,179.6699981689453,179.77999877929688
2025-07-09,07:02:00,179.77999877929688,179.8000030517578,179.77999877929688,179.77999877929688
2025-07-09,07:03:00,179.67999267578125,179.69000244140625,179.64999389648438,179.69000244140625
2025-07-09,07:04:00,179.6999969482422,179.88999938964844,179.6999969482422,179.88999938964844
2025-07-09,07:05:00,179.88999938964844,179.88999938964844,179.88999938964844,179.88999938964844
2025-07-09,07:06:00,179.89999389648438,179.89999389648438,179.85000610351562,179.85000610351562
2025-07-09,07:07:00,179.8800048828125,179.92999267578125,179.8800048828125,179.92999267578125
2025-07-09,07:08:00,179.92999267578125,179.92999267578125,179.92999267578125,179.92999267578125
2025-07-09,07:09:00,180.0,180.0,180.0,180.0
2025-07-09,07:10:00,180.13999938964844,180.14999389648438,180.0399932861328,180.10000610351562
2025-07-09,07:11:00,180.08999633789062,180.08999633789062,180.08999633789062,180.08999633789062
2025-07-09,07:12:00,180.10000610351562,180.14999389648438,180.10000610351562,180.1300048828125
2025-07-09,07:13:00,180.1300048828125,180.13999938964844,180.02999877929688,180.13999938964844
2025-07-09,07:14:00,180.1300048828125,180.14999389648438,180.1300048828125,180.13999938964844
2025-07-09,07:15:00,180.13999938964844,180.13999938964844,180.1300048828125,180.1300048828125
2025-07-09,07:16:00,180.1300048828125,180.1300048828125,180.1300048828125,180.1300048828125
2025-07-09,07:17:00,180.14999389648438,180.14999389648438,180.14999389648438,180.14999389648438
2025-07-09,07:18:00,180.14999389648438,180.14999389648438,180.14999389648438,180.14999389648438
2025-07-09,07:19:00,179.99000549316406,180.02000427246094,179.99000549316406,180.02000427246094
2025-07-09,07:20:00,180.08999633789062,180.08999633789062,180.08999633789062,180.08999633789062
2025-07-09,07:21:00,179.97999572753906,179.97999572753906,179.97999572753906,179.97999572753906
2025-07-09,07:22:00,179.97000122070312,179.97999572753906,179.9499969482422,179.9499969482422
2025-07-09,07:23:00,179.97999572753906,179.97999572753906,179.75,179.91000366210938
2025-07-09,07:24:00,179.91000366210938,179.91000366210938,179.77000427246094,179.91000366210938
2025-07-09,07:25:00,179.97999572753906,179.97999572753906,179.97999572753906,179.97999572753906
2025-07-09,07:26:00,179.97999572753906,179.97999572753906,179.60000610351562,179.61000061035156
2025-07-09,07:27:00,179.60000610351562,179.72999572753906,179.60000610351562,179.72999572753906
2025-07-09,07:28:00,179.72999572753906,179.74000549316406,179.72999572753906,179.74000549316406
2025-07-09,07:29:00,179.7899932861328,179.82000732421875,179.6999969482422,179.6999969482422
2025-07-09,07:30:00,179.6999969482422,179.72000122070312,179.6999969482422,179.72000122070312
2025-07-09,07:31:00,179.66000366210938,179.7899932861328,179.66000366210938,179.7899932861328
2025-07-09,07:32:00,179.77999877929688,179.7899932861328,179.77000427246094,179.7899932861328
2025-07-09,07:33:00,179.8800048828125,179.8800048828125,179.7899932861328,179.7899932861328
2025-07-09,07:34:00,179.75999450683594,179.8000030517578,179.74000549316406,179.8000030517578
2025-07-09,07:35:00,179.8000030517578,179.80999755859375,179.72999572753906,179.72999572753906
2025-07-09,07:36:00,179.72999572753906,179.7899932861328,179.72999572753906,179.7899932861328
2025-07-09,07:37:00,179.7899932861328,179.7899932861328,179.7899932861328,179.7899932861328
2025-07-09,07:38:00,179.72999572753906,179.7899932861328,179.72999572753906,179.7899932861328
2025-07-09,07:39:00,179.7899932861328,179.7899932861328,179.7899932861328,179.7899932861328
2025-07-09,07:40:00,179.7899932861328,179.80999755859375,179.67999267578125,179.7899932861328
2025-07-09,07:41:00,179.7899932861328,179.7899932861328,179.7899932861328,179.7899932861328
2025-07-09,07:42:00,179.7899932861328,179.7899932861328,179.7899932861328,179.7899932861328
2025-07-09,07:43:00,179.7899932861328,179.8000030517578,179.7899932861328,179.8000030517578
2025-07-09,07:44:00,179.7100067138672,179.8000030517578,179.7100067138672,179.8000030517578
2025-07-09,07:45:00,179.8000030517578,179.8000030517578,179.74000549316406,179.8000030517578
2025-07-09,07:47:00,179.7899932861328,179.8000030517578,179.7899932861328,179.8000030517578
2025-07-09,07:48:00,179.6999969482422,179.8000030517578,179.6999969482422,179.8000030517578
2025-07-09,07:50:00,179.6999969482422,179.8000030517578,179.6999969482422,179.7899932861328
2025-07-09,07:51:00,179.6999969482422,179.6999969482422,179.6999969482422,179.6999969482422
2025-07-09,07:52:00,179.8000030517578,179.8000030517578,179.8000030517578,179.8000030517578
2025-07-09,07:53:00,179.8000030517578,179.8000030517578,179.72999572753906,179.72999572753906
2025-07-09,07:54:00,179.8000030517578,179.80999755859375,179.72999572753906,179.80999755859375
2025-07-09,07:55:00,179.99000549316406,180.0,179.8000030517578,179.9600067138672
2025-07-09,07:56:00,179.9600067138672,179.9600067138672,179.9499969482422,179.9499969482422
2025-07-09,07:57:00,179.9499969482422,180.0,179.9499969482422,180.0
2025-07-09,07:58:00,180.0,180.0,180.0,180.0
2025-07-09,07:59:00,180.00999450683594,180.10000610351562,180.00999450683594,180.10000610351562
2025-07-09,08:00:00,180.2100067138672,180.39999389648438,180.2100067138672,180.39999389648438
2025-07-09,08:01:00,180.3699951171875,180.3699951171875,180.2100067138672,180.27000427246094
2025-07-09,08:02:00,180.25,180.27000427246094,180.25,180.27000427246094
2025-07-09,08:03:00,180.27000427246094,180.27000427246094,180.27000427246094,180.27000427246094
2025-07-09,08:04:00,180.27999877929688,180.27999877929688,180.27999877929688,180.27999877929688
2025-07-09,08:05:00,180.32000732421875,180.32000732421875,180.25,180.2899932861328
2025-07-09,08:06:00,180.16000366210938,180.16000366210938,180.16000366210938,180.16000366210938
2025-07-09,08:07:00,180.08999633789062,180.08999633789062,180.08999633789062,180.08999633789062
2025-07-09,08:08:00,180.19000244140625,180.22000122070312,180.08999633789062,180.08999633789062
2025-07-09,08:09:00,180.25999450683594,180.27999877929688,180.13999938964844,180.27999877929688
2025-07-09,08:10:00,180.14999389648438,180.47999572753906,180.14999389648438,180.27999877929688
2025-07-09,08:11:00,180.16000366210938,180.25,180.16000366210938,180.25
2025-07-09,08:12:00,180.25,180.25,180.25,180.25
2025-07-09,08:13:00,180.13999938964844,180.25,180.13999938964844,180.25
2025-07-09,08:14:00,180.25,180.25999450683594,180.25,180.25999450683594
2025-07-09,08:15:00,180.25999450683594,180.25999450683594,180.25999450683594,180.25999450683594
2025-07-09,08:16:00,180.25999450683594,180.25999450683594,180.25999450683594,180.25999450683594
2025-07-09,08:17:00,180.27000427246094,180.27000427246094,180.27000427246094,180.27000427246094
2025-07-09,08:18:00,180.27000427246094,180.27000427246094,180.27000427246094,180.27000427246094
2025-07-09,08:19:00,180.27000427246094,180.27000427246094,180.27000427246094,180.27000427246094
2025-07-09,08:20:00,180.1999969482422,180.1999969482422,180.1999969482422,180.1999969482422
2025-07-09,08:22:00,180.10000610351562,180.1999969482422,180.10000610351562,180.1999969482422
2025-07-09,08:23:00,180.1999969482422,180.1999969482422,180.1999969482422,180.1999969482422
2025-07-09,08:24:00,180.1999969482422,180.1999969482422,180.10000610351562,180.10000610351562
2025-07-09,08:25:00,180.1999969482422,180.1999969482422,180.10000610351562,180.1999969482422
2025-07-09,08:26:00,180.1999969482422,180.1999969482422,180.1999969482422,180.1999969482422
2025-07-09,08:27:00,180.11000061035156,180.11000061035156,180.11000061035156,180.11000061035156
2025-07-09,08:28:00,180.1999969482422,180.1999969482422,180.1300048828125,180.1300048828125
2025-07-09,08:29:00,180.1300048828125,180.25999450683594,180.1300048828125,180.25999450683594
2025-07-09,08:31:00,180.25999450683594,180.25999450683594,180.1300048828125,180.1300048828125
2025-07-09,08:32:00,180.11000061035156,180.4499969482422,180.11000061035156,180.33999633789062
2025-07-09,08:33:00,180.35000610351562,180.8000030517578,180.35000610351562,180.8000030517578
2025-07-09,08:34:00,180.75999450683594,180.9499969482422,180.5500030517578,180.66000366210938
2025-07-09,08:35:00,180.77000427246094,180.9600067138672,180.5500030517578,180.5500030517578
2025-07-09,08:36:00,180.6999969482422,180.77000427246094,180.6999969482422,180.72999572753906
2025-07-09,08:37:00,180.91000366210938,180.91000366210938,180.89999389648438,180.91000366210938
2025-07-09,08:38:00,181.0500030517578,181.1999969482422,181.0500030517578,181.1999969482422
2025-07-09,08:39:00,181.27999877929688,181.5,181.27999877929688,181.39999389648438
2025-07-09,08:40:00,181.5,181.5,181.3000030517578,181.32000732421875
2025-07-09,08:41:00,181.32000732421875,181.32000732421875,181.0500030517578,181.0500030517578
2025-07-09,08:42:00,180.9600067138672,180.9600067138672,180.9499969482422,180.9499969482422
2025-07-09,08:43:00,181.0800018310547,181.35000610351562,181.0800018310547,181.35000610351562
2025-07-09,08:44:00,181.27000427246094,181.94000244140625,181.27000427246094,181.94000244140625
2025-07-09,08:45:00,181.9499969482422,183.0800018310547,181.89999389648438,183.0800018310547
2025-07-09,08:46:00,183.1699981689453,183.57000732421875,182.16000366210938,183.57000732421875
2025-07-09,08:47:00,183.74000549316406,184.0,183.0,183.3000030517578
2025-07-09,08:48:00,183.2899932861328,183.3699951171875,182.35000610351562,182.9199981689453
2025-07-09,08:49:00,182.57000732421875,182.57000732421875,182.3699951171875,182.3699951171875
2025-07-09,08:50:00,182.38999938964844,182.39999389648438,182.22999572753906,182.22999572753906
2025-07-09,08:51:00,182.0,182.02999877929688,182.0,182.02000427246094
2025-07-09,08:52:00,182.3699951171875,182.5,182.22000122070312,182.5
2025-07-09,08:53:00,182.5,182.5,182.4600067138672,182.4600067138672
2025-07-09,08:54:00,182.4199981689453,182.4199981689453,182.16000366210938,182.39999389648438
2025-07-09,08:55:00,182.99000549316406,182.99000549316406,182.52999877929688,182.5399932861328
2025-07-09,08:56:00,182.5399932861328,182.5399932861328,182.4499969482422,182.50999450683594
2025-07-09,08:57:00,182.36000061035156,182.36000061035156,182.1999969482422,182.1999969482422
2025-07-09,08:58:00,182.25999450683594,182.25999450683594,182.10000610351562,182.10000610351562
2025-07-09,08:59:00,182.1199951171875,182.72000122070312,182.1199951171875,182.32000732421875
2025-07-09,09:00:00,182.5,182.5,182.3699951171875,182.47000122070312
2025-07-09,09:01:00,182.49000549316406,182.49000549316406,182.47000122070312,182.47999572753906
2025-07-09,09:02:00,182.52999877929688,182.75,182.52999877929688,182.74000549316406
2025-07-09,09:03:00,182.75,182.75,182.47999572753906,182.58999633789062
2025-07-09,09:04:00,182.49000549316406,182.72000122070312,182.49000549316406,182.72000122070312
2025-07-09,09:05:00,182.5500030517578,182.5500030517578,182.35000610351562,182.36000061035156
2025-07-09,09:06:00,182.35000610351562,182.4600067138672,182.1699981689453,182.24000549316406
2025-07-09,09:07:00,182.17999267578125,182.24000549316406,182.1699981689453,182.24000549316406
2025-07-09,09:08:00,182.24000549316406,182.24000549316406,182.1300048828125,182.1300048828125
2025-07-09,09:09:00,182.11000061035156,182.27999877929688,182.11000061035156,182.27999877929688
2025-07-09,09:10:00,182.2100067138672,182.32000732421875,182.1999969482422,182.32000732421875
2025-07-09,09:11:00,182.25,182.25,182.11000061035156,182.11000061035156
2025-07-09,09:12:00,182.11000061035156,182.1199951171875,182.08999633789062,182.11000061035156
2025-07-09,09:13:00,182.10000610351562,182.14999389648438,182.10000610351562,182.14999389648438
2025-07-09,09:14:00,182.24000549316406,182.2899932861328,182.13999938964844,182.2899932861328
2025-07-09,09:15:00,182.27999877929688,182.3000030517578,182.13999938964844,182.17999267578125
2025-07-09,09:16:00,182.35000610351562,182.39999389648438,182.14999389648438,182.33999633789062
2025-07-09,09:17:00,182.36000061035156,182.36000061035156,182.2100067138672,182.33999633789062
2025-07-09,09:18:00,182.1699981689453,182.32000732421875,182.1699981689453,182.32000732421875
2025-07-09,09:19:00,182.4499969482422,182.4499969482422,182.08999633789062,182.30999755859375
2025-07-09,09:20:00,182.2100067138672,182.2100067138672,182.2100067138672,182.2100067138672
2025-07-09,09:21:00,182.19000244140625,182.19000244140625,182.1699981689453,182.1699981689453
2025-07-09,09:22:00,182.1699981689453,182.17999267578125,182.05999755859375,182.14999389648438
2025-07-09,09:23:00,182.0500030517578,182.17999267578125,182.0,182.17999267578125
2025-07-09,09:24:00,182.17999267578125,182.17999267578125,182.07000732421875,182.07000732421875
2025-07-09,09:25:00,182.0500030517578,182.17999267578125,182.0399932861328,182.0399932861328
2025-07-09,09:26:00,182.0399932861328,182.16000366210938,182.0399932861328,182.10000610351562
2025-07-09,09:27:00,182.14999389648438,182.16000366210938,182.14999389648438,182.16000366210938
2025-07-09,09:28:00,182.1699981689453,182.39999389648438,182.1699981689453,182.27999877929688
2025-07-09,09:29:00,182.3000030517578,182.3000030517578,182.17999267578125,182.17999267578125
2025-07-09,09:30:00,182.24000549316406,182.39999389648438,182.24000549316406,182.39999389648438
2025-07-09,09:31:00,182.3000030517578,182.39999389648438,182.3000030517578,182.35000610351562
2025-07-09,09:32:00,182.3000030517578,182.36000061035156,182.3000030517578,182.36000061035156
2025-07-09,09:33:00,182.36000061035156,182.36000061035156,182.3000030517578,182.3000030517578
2025-07-09,09:34:00,182.3300018310547,182.58999633789062,182.19000244140625,182.47999572753906
2025-07-09,09:35:00,182.44000244140625,182.44000244140625,182.4199981689453,182.42999267578125
2025-07-09,09:36:00,182.42999267578125,182.42999267578125,182.24000549316406,182.27999877929688
2025-07-09,09:37:00,182.27999877929688,182.5,182.22999572753906,182.3300018310547
2025-07-09,09:38:00,182.33999633789062,182.33999633789062,182.25,182.25
2025-07-09,09:39:00,182.3000030517578,182.3000030517578,182.07000732421875,182.19000244140625
2025-07-09,09:40:00,182.19000244140625,182.19000244140625,182.0500030517578,182.10000610351562
2025-07-09,09:41:00,182.1199951171875,182.1199951171875,182.0500030517578,182.10000610351562
2025-07-09,09:42:00,182.10000610351562,182.10000610351562,182.0,182.07000732421875
2025-07-09,09:43:00,182.07000732421875,182.07000732421875,182.0,182.07000732421875
2025-07-09,09:44:00,182.07000732421875,182.08999633789062,182.07000732421875,182.0800018310547
2025-07-09,09:45:00,182.0800018310547,182.10000610351562,182.02000427246094,182.10000610351562
2025-07-09,09:46:00,182.08999633789062,182.08999633789062,182.0,182.0399932861328
2025-07-09,09:47:00,182.02999877929688,182.0500030517578,182.02999877929688,182.0500030517578
2025-07-09,09:48:00,182.0500030517578,182.10000610351562,182.00999450683594,182.10000610351562
2025-07-09,09:49:00,182.10000610351562,182.10000610351562,182.0,182.10000610351562
2025-07-09,09:50:00,182.08999633789062,182.08999633789062,182.08999633789062,182.08999633789062
2025-07-09,09:51:00,182.10000610351562,182.3300018310547,182.10000610351562,182.3300018310547
2025-07-09,09:52:00,182.33999633789062,182.33999633789062,182.22999572753906,182.3000030517578
2025-07-09,09:53:00,182.30999755859375,182.30999755859375,182.22999572753906,182.22999572753906
2025-07-09,09:54:00,182.22000122070312,182.2899932861328,182.22000122070312,182.25999450683594
2025-07-09,09:55:00,182.2899932861328,182.35000610351562,182.24000549316406,182.24000549316406
2025-07-09,09:56:00,182.2899932861328,182.2899932861328,182.0399932861328,182.0399932861328
2025-07-09,09:57:00,182.02999877929688,182.02999877929688,182.00999450683594,182.02999877929688
2025-07-09,09:58:00,182.02999877929688,182.2899932861328,181.94000244140625,181.94000244140625
2025-07-09,09:59:00,181.94000244140625,181.99000549316406,181.64999389648438,181.64999389648438
2025-07-10,03:45:00,183.69000244140625,183.6999969482422,182.91000366210938,183.4199981689453
2025-07-10,03:46:00,183.7899932861328,183.7899932861328,183.16000366210938,183.22999572753906
2025-07-10,03:47:00,183.5399932861328,183.64999389648438,183.47000122070312,183.64999389648438
2025-07-10,03:48:00,183.52000427246094,183.97999572753906,183.47999572753906,183.97999572753906
2025-07-10,03:49:00,183.99000549316406,183.99000549316406,183.47999572753906,183.77000427246094
2025-07-10,03:50:00,183.44000244140625,183.69000244140625,183.44000244140625,183.69000244140625
2025-07-10,03:51:00,183.8000030517578,183.8000030517578,183.41000366210938,183.6699981689453
2025-07-10,03:52:00,183.92999267578125,183.92999267578125,183.49000549316406,183.6199951171875
2025-07-10,03:53:00,183.47000122070312,183.75999450683594,183.47000122070312,183.75999450683594
2025-07-10,03:54:00,183.58999633789062,183.67999267578125,183.44000244140625,183.67999267578125
2025-07-10,03:55:00,183.75999450683594,183.89999389648438,183.75999450683594,183.8000030517578
2025-07-10,03:56:00,183.88999938964844,183.88999938964844,183.67999267578125,183.83999633789062
2025-07-10,03:57:00,183.63999938964844,183.63999938964844,183.24000549316406,183.44000244140625
2025-07-10,03:58:00,183.33999633789062,183.5,183.30999755859375,183.33999633789062
2025-07-10,03:59:00,183.47999572753906,183.5,183.35000610351562,183.36000061035156
2025-07-10,04:00:00,183.5,183.5,183.49000549316406,183.5
2025-07-10,04:01:00,183.5,183.55999755859375,183.41000366210938,183.41000366210938
2025-07-10,04:02:00,183.41000366210938,183.41000366210938,183.00999450683594,183.00999450683594
2025-07-10,04:03:00,183.13999938964844,183.13999938964844,183.00999450683594,183.11000061035156
2025-07-10,04:04:00,183.00999450683594,183.13999938964844,183.00999450683594,183.13999938964844
2025-07-10,04:05:00,183.44000244140625,183.4499969482422,183.44000244140625,183.4499969482422
2025-07-10,04:06:00,183.32000732421875,183.32000732421875,183.32000732421875,183.32000732421875
2025-07-10,04:07:00,183.24000549316406,183.24000549316406,183.24000549316406,183.24000549316406
2025-07-10,04:08:00,183.2899932861328,183.2899932861328,183.2899932861328,183.2899932861328
2025-07-10,04:09:00,183.2899932861328,183.2899932861328,183.2899932861328,183.2899932861328
2025-07-10,04:10:00,183.05999755859375,183.10000610351562,183.05999755859375,183.10000610351562
2025-07-10,04:11:00,182.91000366210938,183.1999969482422,182.91000366210938,183.1999969482422
2025-07-10,04:12:00,183.05999755859375,183.1999969482422,183.05999755859375,183.17999267578125
2025-07-10,04:13:00,183.07000732421875,183.0800018310547,183.0,183.0800018310547
2025-07-10,04:14:00,183.27000427246094,183.27000427246094,183.27000427246094,183.27000427246094
2025-07-10,04:15:00,183.27999877929688,183.30999755859375,183.1300048828125,183.1699981689453
2025-07-10,04:16:00,183.30999755859375,183.30999755859375,183.1699981689453,183.1999969482422
2025-07-10,04:17:00,183.25,183.25,183.24000549316406,183.24000549316406
2025-07-10,04:18:00,183.24000549316406,183.24000549316406,183.1999969482422,183.1999969482422
2025-07-10,04:19:00,183.14999389648438,183.17999267578125,183.14999389648438,183.17999267578125
2025-07-10,04:20:00,183.10000610351562,183.14999389648438,183.00999450683594,183.1300048828125
2025-07-10,04:21:00,183.1300048828125,183.14999389648438,183.0,183.0
2025-07-10,04:22:00,183.0500030517578,183.0500030517578,182.9199981689453,182.9199981689453
2025-07-10,04:23:00,183.10000610351562,183.10000610351562,183.10000610351562,183.10000610351562
2025-07-10,04:24:00,183.17999267578125,183.17999267578125,183.17999267578125,183.17999267578125
2025-07-10,04:25:00,182.99000549316406,182.99000549316406,182.92999267578125,182.92999267578125
2025-07-10,04:26:00,182.99000549316406,183.0500030517578,182.92999267578125,183.0500030517578
2025-07-10,04:27:00,182.89999389648438,183.0,182.8000030517578,182.99000549316406
2025-07-10,04:28:00,182.99000549316406,182.99000549316406,182.8300018310547,182.8300018310547
2025-07-10,04:29:00,182.97999572753906,182.97999572753906,182.77999877929688,182.9499969482422
2025-07-10,04:30:00,183.07000732421875,183.07000732421875,183.0,183.0
2025-07-10,04:31:00,182.99000549316406,182.99000549316406,182.89999389648438,182.99000549316406
2025-07-10,04:32:00,182.8000030517578,182.97999572753906,182.8000030517578,182.97999572753906
2025-07-10,04:33:00,182.88999938964844,182.88999938964844,182.8699951171875,182.8699951171875
2025-07-10,04:34:00,182.86000061035156,183.08999633789062,182.8000030517578,182.88999938964844
2025-07-10,04:35:00,182.91000366210938,183.1999969482422,182.91000366210938,183.1999969482422
2025-07-10,04:36:00,183.1300048828125,183.1300048828125,183.02000427246094,183.10000610351562
2025-07-10,04:37:00,182.99000549316406,182.99000549316406,182.99000549316406,182.99000549316406
2025-07-10,04:38:00,182.99000549316406,183.08999633789062,182.8800048828125,182.8800048828125
2025-07-10,04:39:00,182.8800048828125,182.8800048828125,182.83999633789062,182.8800048828125
2025-07-10,04:40:00,182.8000030517578,182.85000610351562,182.8000030517578,182.8000030517578
2025-07-10,04:41:00,182.85000610351562,182.94000244140625,182.8000030517578,182.94000244140625
2025-07-10,04:42:00,183.0,183.0,182.91000366210938,182.94000244140625
2025-07-10,04:43:00,182.9199981689453,182.9199981689453,182.9199981689453,182.9199981689453
2025-07-10,04:44:00,182.89999389648438,182.9499969482422,182.89999389648438,182.9499969482422
2025-07-10,04:45:00,182.9499969482422,182.9499969482422,182.9199981689453,182.9499969482422
2025-07-10,04:46:00,182.89999389648438,182.89999389648438,182.8000030517578,182.8300018310547
2025-07-10,04:47:00,182.8000030517578,182.8000030517578,182.57000732421875,182.6199951171875
2025-07-10,04:48:00,182.61000061035156,182.61000061035156,182.4199981689453,182.4499969482422
2025-07-10,04:49:00,182.50999450683594,182.5500030517578,182.50999450683594,182.5500030517578
2025-07-10,04:50:00,182.50999450683594,182.52999877929688,182.5,182.5
2025-07-10,04:51:00,182.52999877929688,182.63999938964844,182.52999877929688,182.5800018310547
2025-07-10,04:52:00,182.58999633789062,182.58999633789062,182.50999450683594,182.5800018310547
2025-07-10,04:53:00,182.57000732421875,182.57000732421875,182.39999389648438,182.39999389648438
2025-07-10,04:54:00,182.35000610351562,182.35000610351562,182.3000030517578,182.33999633789062
2025-07-10,04:55:00,182.24000549316406,182.39999389648438,182.16000366210938,182.39999389648438
2025-07-10,04:56:00,182.39999389648438,182.64999389648438,182.39999389648438,182.64999389648438
2025-07-10,04:57:00,182.58999633789062,182.6199951171875,182.58999633789062,182.6199951171875
2025-07-10,04:58:00,182.55999755859375,182.5800018310547,182.55999755859375,182.5800018310547
2025-07-10,04:59:00,182.64999389648438,182.64999389648438,182.64999389648438,182.64999389648438
2025-07-10,05:00:00,182.63999938964844,182.63999938964844,182.63999938964844,182.63999938964844
2025-07-10,05:01:00,182.5800018310547,182.5800018310547,182.5800018310547,182.5800018310547
2025-07-10,05:02:00,182.5800018310547,182.5800018310547,182.5800018310547,182.5800018310547
2025-07-10,05:03:00,182.5800018310547,182.5800018310547,182.39999389648438,182.39999389648438
2025-07-10,05:04:00,182.50999450683594,182.60000610351562,182.50999450683594,182.60000610351562
2025-07-10,05:05:00,182.5,182.5,182.36000061035156,182.5
2025-07-10,05:06:00,182.3699951171875,182.3699951171875,182.36000061035156,182.36000061035156
2025-07-10,05:07:00,182.3699951171875,182.3699951171875,182.0,182.0
2025-07-10,05:08:00,182.13999938964844,182.17999267578125,182.0800018310547,182.13999938964844
2025-07-10,05:09:00,182.07000732421875,182.07000732421875,182.0,182.0
2025-07-10,05:10:00,182.07000732421875,182.07000732421875,182.0,182.0
2025-07-10,05:11:00,182.05999755859375,182.05999755859375,182.05999755859375,182.05999755859375
2025-07-10,05:12:00,182.05999755859375,182.05999755859375,182.0500030517578,182.0500030517578
2025-07-10,05:13:00,182.02999877929688,182.05999755859375,182.02999877929688,182.05999755859375
2025-07-10,05:14:00,182.08999633789062,182.22000122070312,182.08999633789062,182.16000366210938
2025-07-10,05:15:00,182.22000122070312,182.22000122070312,182.22000122070312,182.22000122070312
2025-07-10,05:16:00,182.22000122070312,182.22000122070312,181.7899932861328,181.7899932861328
2025-07-10,05:17:00,181.83999633789062,181.86000061035156,181.77000427246094,181.8300018310547
2025-07-10,05:18:00,181.80999755859375,181.9499969482422,181.77000427246094,181.9499969482422
2025-07-10,05:19:00,181.9600067138672,182.02999877929688,181.80999755859375,181.80999755859375
2025-07-10,05:20:00,181.97000122070312,181.97000122070312,181.75999450683594,181.8699951171875
2025-07-10,05:21:00,181.8699951171875,181.94000244140625,181.8699951171875,181.94000244140625
2025-07-10,05:22:00,181.7899932861328,181.7899932861328,181.63999938964844,181.63999938964844
2025-07-10,05:23:00,181.52000427246094,181.75,181.52000427246094,181.72999572753906
2025-07-10,05:24:00,182.0,182.0800018310547,181.89999389648438,182.05999755859375
2025-07-10,05:25:00,182.1199951171875,182.1300048828125,182.02999877929688,182.07000732421875
2025-07-10,05:26:00,181.8300018310547,181.99000549316406,181.8300018310547,181.92999267578125
2025-07-10,05:27:00,181.8699951171875,181.8699951171875,181.86000061035156,181.86000061035156
2025-07-10,05:28:00,181.9600067138672,182.25,181.9600067138672,182.1999969482422
2025-07-10,05:29:00,182.19000244140625,182.19000244140625,182.19000244140625,182.19000244140625
2025-07-10,05:30:00,182.17999267578125,182.25,182.1300048828125,182.19000244140625
2025-07-10,05:31:00,182.22000122070312,182.25,182.1300048828125,182.1300048828125
2025-07-10,05:32:00,182.1300048828125,182.1300048828125,182.0500030517578,182.0500030517578
2025-07-10,05:33:00,182.0500030517578,182.16000366210938,182.0500030517578,182.10000610351562
2025-07-10,05:34:00,182.11000061035156,182.16000366210938,182.0500030517578,182.16000366210938
2025-07-10,05:35:00,182.10000610351562,182.10000610351562,182.0,182.05999755859375
2025-07-10,05:36:00,182.05999755859375,182.10000610351562,182.0500030517578,182.10000610351562
2025-07-10,05:38:00,182.11000061035156,182.11000061035156,182.08999633789062,182.11000061035156
2025-07-10,05:39:00,182.11000061035156,182.11000061035156,182.07000732421875,182.10000610351562
2025-07-10,05:40:00,182.11000061035156,182.11000061035156,182.0800018310547,182.0800018310547
2025-07-10,05:41:00,182.1300048828125,182.2899932861328,182.1300048828125,182.2899932861328
2025-07-10,05:42:00,182.25,182.25999450683594,182.25,182.25999450683594
2025-07-10,05:43:00,182.3000030517578,182.33999633789062,182.27999877929688,182.30999755859375
2025-07-10,05:44:00,182.35000610351562,182.35000610351562,182.35000610351562,182.35000610351562
2025-07-10,05:45:00,182.35000610351562,182.35000610351562,182.35000610351562,182.35000610351562
2025-07-10,05:46:00,182.1199951171875,182.42999267578125,182.1199951171875,182.27999877929688
2025-07-10,05:47:00,182.27999877929688,182.27999877929688,182.1699981689453,182.27999877929688
2025-07-10,05:48:00,182.27999877929688,182.32000732421875,182.1999969482422,182.1999969482422
2025-07-10,05:49:00,182.3000030517578,182.3000030517578,182.0500030517578,182.0500030517578
2025-07-10,05:50:00,182.16000366210938,182.16000366210938,182.0500030517578,182.13999938964844
2025-07-10,05:51:00,182.08999633789062,182.08999633789062,182.08999633789062,182.08999633789062
2025-07-10,05:52:00,182.1300048828125,182.27000427246094,182.1300048828125,182.27000427246094
2025-07-10,05:53:00,182.2100067138672,182.2899932861328,182.1699981689453,182.1699981689453
2025-07-10,05:54:00,182.1699981689453,182.1699981689453,182.10000610351562,182.10000610351562
2025-07-10,05:55:00,182.19000244140625,182.19000244140625,182.0500030517578,182.10000610351562
2025-07-10,05:56:00,182.0500030517578,182.17999267578125,182.0500030517578,182.0500030517578
2025-07-10,05:57:00,182.17999267578125,182.19000244140625,182.0500030517578,182.1199951171875
2025-07-10,05:58:00,182.19000244140625,182.19000244140625,182.0500030517578,182.0500030517578
2025-07-10,05:59:00,182.11000061035156,182.17999267578125,182.11000061035156,182.1199951171875
2025-07-10,06:00:00,182.0800018310547,182.0800018310547,182.0800018310547,182.0800018310547
2025-07-10,06:02:00,182.1199951171875,182.1199951171875,182.0500030517578,182.0500030517578
2025-07-10,06:03:00,182.1199951171875,182.1199951171875,182.0500030517578,182.0500030517578
2025-07-10,06:04:00,182.10000610351562,182.10000610351562,182.10000610351562,182.10000610351562
2025-07-10,06:05:00,182.10000610351562,182.10000610351562,182.10000610351562,182.10000610351562
2025-07-10,06:06:00,182.0500030517578,182.10000610351562,182.0500030517578,182.10000610351562
2025-07-10,06:07:00,182.10000610351562,182.10000610351562,182.0500030517578,182.0500030517578
2025-07-10,06:08:00,182.10000610351562,182.10000610351562,182.05999755859375,182.05999755859375
2025-07-10,06:09:00,182.1199951171875,182.1199951171875,182.1199951171875,182.1199951171875
2025-07-10,06:12:00,182.1199951171875,182.2899932861328,182.1199951171875,182.2899932861328
2025-07-10,06:13:00,182.24000549316406,182.24000549316406,182.10000610351562,182.24000549316406
2025-07-10,06:14:00,182.25,182.25,182.25,182.25
2025-07-10,06:15:00,182.10000610351562,182.10000610351562,182.10000610351562,182.10000610351562
2025-07-10,06:16:00,182.22999572753906,182.22999572753906,182.22999572753906,182.22999572753906
2025-07-10,06:17:00,182.10000610351562,182.22000122070312,182.10000610351562,182.10000610351562
2025-07-10,06:18:00,182.22000122070312,182.22000122070312,182.05999755859375,182.05999755859375
2025-07-10,06:19:00,182.0500030517578,182.1699981689453,182.0500030517578,182.11000061035156
2025-07-10,06:20:00,182.3000030517578,182.3000030517578,182.2100067138672,182.2100067138672
2025-07-10,06:21:00,182.1199951171875,182.25,182.1199951171875,182.25
2025-07-10,06:22:00,182.24000549316406,182.3000030517578,182.24000549316406,182.27000427246094
2025-07-10,06:23:00,182.25,182.25,182.25,182.25
2025-07-10,06:26:00,182.2899932861328,182.2899932861328,182.2899932861328,182.2899932861328
2025-07-10,06:27:00,182.2899932861328,182.2899932861328,182.2899932861328,182.2899932861328
2025-07-10,06:29:00,182.2899932861328,182.2899932861328,182.2899932861328,182.2899932861328
2025-07-10,06:30:00,182.2899932861328,182.2899932861328,182.2899932861328,182.2899932861328
2025-07-10,06:32:00,182.3000030517578,182.3000030517578,182.19000244140625,182.19000244140625
2025-07-10,06:35:00,182.19000244140625,182.27000427246094,182.19000244140625,182.27000427246094
2025-07-10,06:36:00,182.27000427246094,182.27000427246094,182.27000427246094,182.27000427246094
2025-07-10,06:37:00,182.19000244140625,182.2100067138672,182.05999755859375,182.2100067138672
2025-07-10,06:38:00,182.05999755859375,182.05999755859375,182.05999755859375,182.05999755859375
2025-07-10,06:39:00,182.08999633789062,182.08999633789062,182.08999633789062,182.08999633789062
2025-07-10,06:40:00,182.14999389648438,182.17999267578125,182.14999389648438,182.17999267578125
2025-07-10,06:42:00,182.17999267578125,182.27000427246094,182.08999633789062,182.27000427246094
2025-07-10,06:43:00,182.27999877929688,182.3000030517578,182.25999450683594,182.25999450683594
2025-07-10,06:44:00,182.25999450683594,182.25999450683594,182.22000122070312,182.22000122070312
2025-07-10,06:45:00,182.3000030517578,182.3000030517578,182.3000030517578,182.3000030517578
2025-07-10,06:46:00,182.17999267578125,182.24000549316406,182.17999267578125,182.24000549316406
2025-07-10,06:47:00,182.17999267578125,182.3000030517578,182.17999267578125,182.3000030517578
2025-07-10,06:48:00,182.3000030517578,182.3300018310547,182.3000030517578,182.3000030517578
2025-07-10,06:49:00,182.3000030517578,182.3000030517578,182.3000030517578,182.3000030517578
2025-07-10,06:50:00,182.4199981689453,182.5,182.4199981689453,182.5
2025-07-10,06:51:00,182.33999633789062,182.4499969482422,182.3000030517578,182.3000030517578
2025-07-10,06:52:00,182.38999938964844,182.64999389648438,182.38999938964844,182.6300048828125
2025-07-10,06:53:00,182.61000061035156,182.63999938964844,182.5500030517578,182.63999938964844
2025-07-10,06:54:00,182.63999938964844,182.63999938964844,182.63999938964844,182.63999938964844
2025-07-10,06:55:00,182.75,183.0500030517578,182.63999938964844,182.91000366210938
2025-07-10,06:56:00,182.89999389648438,182.89999389648438,182.75,182.75
2025-07-10,06:57:00,182.80999755859375,182.86000061035156,182.80999755859375,182.86000061035156
2025-07-10,06:58:00,182.92999267578125,183.0,182.92999267578125,183.0
2025-07-10,06:59:00,182.9600067138672,182.9600067138672,182.91000366210938,182.91000366210938
2025-07-10,07:00:00,182.91000366210938,183.0,182.91000366210938,182.91000366210938
2025-07-10,07:01:00,182.9499969482422,183.0,182.83999633789062,182.83999633789062
2025-07-10,07:02:00,182.85000610351562,183.1199951171875,182.82000732421875,183.0
2025-07-10,07:03:00,183.13999938964844,183.13999938964844,183.1199951171875,183.1199951171875
2025-07-10,07:04:00,183.1199951171875,183.1199951171875,183.1199951171875,183.1199951171875
2025-07-10,07:06:00,183.0399932861328,183.0399932861328,183.0,183.0399932861328
2025-07-10,07:07:00,183.0,183.0,182.9499969482422,182.9499969482422
2025-07-10,07:08:00,183.0,183.0,182.91000366210938,182.9499969482422
2025-07-10,07:09:00,182.99000549316406,182.99000549316406,182.97000122070312,182.97000122070312
2025-07-10,07:10:00,182.97999572753906,182.97999572753906,182.7899932861328,182.7899932861328
2025-07-10,07:11:00,182.8000030517578,182.8000030517578,182.8000030517578,182.8000030517578
2025-07-10,07:12:00,182.74000549316406,182.74000549316406,182.67999267578125,182.74000549316406
2025-07-10,07:13:00,182.67999267578125,182.67999267578125,182.4199981689453,182.5
2025-07-10,07:14:00,182.49000549316406,182.49000549316406,182.47999572753906,182.47999572753906
2025-07-10,07:15:00,182.47000122070312,182.47000122070312,182.47000122070312,182.47000122070312
2025-07-10,07:16:00,182.5,182.5,182.4499969482422,182.4499969482422
2025-07-10,07:17:00,182.4499969482422,182.4499969482422,182.44000244140625,182.44000244140625
2025-07-10,07:18:00,182.44000244140625,182.44000244140625,182.38999938964844,182.38999938964844
2025-07-10,07:19:00,182.44000244140625,182.44000244140625,182.38999938964844,182.38999938964844
2025-07-10,07:20:00,182.44000244140625,182.44000244140625,182.44000244140625,182.44000244140625
2025-07-10,07:21:00,182.4499969482422,182.4499969482422,182.44000244140625,182.44000244140625
2025-07-10,07:23:00,182.47000122070312,182.47000122070312,182.47000122070312,182.47000122070312
2025-07-10,07:24:00,182.55999755859375,182.55999755859375,182.35000610351562,182.35000610351562
2025-07-10,07:25:00,182.42999267578125,182.5,182.4199981689453,182.4199981689453
2025-07-10,07:26:00,182.5399932861328,182.5399932861328,182.30999755859375,182.30999755859375
2025-07-10,07:27:00,182.32000732421875,182.39999389648438,182.22999572753906,182.39999389648438
2025-07-10,07:28:00,182.32000732421875,182.35000610351562,182.10000610351562,182.10000610351562
2025-07-10,07:29:00,182.13999938964844,182.22999572753906,182.13999938964844,182.19000244140625
2025-07-10,07:30:00,182.22999572753906,182.22999572753906,182.2100067138672,182.2100067138672
2025-07-10,07:31:00,182.19000244140625,182.19000244140625,182.19000244140625,182.19000244140625
2025-07-10,07:32:00,182.22000122070312,182.22000122070312,182.22000122070312,182.22000122070312
2025-07-10,07:33:00,182.25999450683594,182.5800018310547,182.25999450683594,182.5
2025-07-10,07:34:00,182.5800018310547,182.5800018310547,182.5,182.57000732421875
2025-07-10,07:35:00,182.5,182.57000732421875,182.5,182.57000732421875
2025-07-10,07:36:00,182.60000610351562,182.60000610351562,182.5,182.5
2025-07-10,07:37:00,182.52000427246094,182.52999877929688,182.50999450683594,182.52999877929688
2025-07-10,07:38:00,182.55999755859375,182.55999755859375,182.5500030517578,182.5500030517578
2025-07-10,07:39:00,182.5500030517578,182.5500030517578,182.5,182.5
2025-07-10,07:40:00,182.5500030517578,182.5500030517578,182.5500030517578,182.5500030517578
2025-07-10,07:41:00,182.5500030517578,182.5500030517578,182.52999877929688,182.52999877929688
2025-07-10,07:42:00,182.5399932861328,182.5500030517578,182.52999877929688,182.5500030517578
2025-07-10,07:43:00,182.5,182.57000732421875,182.5,182.57000732421875
2025-07-10,07:44:00,182.5,182.5,182.5,182.5
2025-07-10,07:45:00,182.57000732421875,182.6699981689453,182.50999450683594,182.50999450683594
2025-07-10,07:46:00,182.5500030517578,182.55999755859375,182.5500030517578,182.55999755859375
2025-07-10,07:47:00,182.57000732421875,182.57000732421875,182.57000732421875,182.57000732421875
2025-07-10,07:48:00,182.50999450683594,182.66000366210938,182.50999450683594,182.66000366210938
2025-07-10,07:49:00,182.58999633789062,182.6999969482422,182.57000732421875,182.6300048828125
2025-07-10,07:50:00,182.67999267578125,182.74000549316406,182.67999267578125,182.74000549316406
2025-07-10,07:51:00,182.6699981689453,182.6699981689453,182.6699981689453,182.6699981689453
2025-07-10,07:54:00,182.57000732421875,182.66000366210938,182.57000732421875,182.66000366210938
2025-07-10,07:55:00,182.52999877929688,182.52999877929688,182.52999877929688,182.52999877929688
2025-07-10,07:57:00,182.64999389648438,182.64999389648438,182.64999389648438,182.64999389648438
2025-07-10,07:59:00,182.63999938964844,182.63999938964844,182.60000610351562,182.60000610351562
2025-07-10,08:00:00,182.66000366210938,182.6999969482422,182.66000366210938,182.6999969482422
2025-07-10,08:01:00,182.8000030517578,183.1999969482422,182.8000030517578,183.1999969482422
2025-07-10,08:02:00,183.10000610351562,183.10000610351562,183.10000610351562,183.10000610351562
2025-07-10,08:03:00,183.10000610351562,183.1699981689453,183.10000610351562,183.14999389648438
2025-07-10,08:04:00,183.14999389648438,183.14999389648438,183.10000610351562,183.14999389648438
2025-07-10,08:05:00,183.10000610351562,183.10000610351562,183.10000610351562,183.10000610351562
2025-07-10,08:06:00,183.10000610351562,183.14999389648438,183.10000610351562,183.10000610351562
2025-07-10,08:07:00,183.10000610351562,183.14999389648438,183.02999877929688,183.10000610351562
2025-07-10,08:08:00,183.10000610351562,183.10000610351562,183.10000610351562,183.10000610351562
2025-07-10,08:09:00,183.10000610351562,183.10000610351562,183.10000610351562,183.10000610351562
2025-07-10,08:10:00,183.10000610351562,183.10000610351562,183.10000610351562,183.10000610351562
2025-07-10,08:11:00,183.10000610351562,183.10000610351562,183.10000610351562,183.10000610351562
2025-07-10,08:12:00,183.10000610351562,183.1300048828125,183.10000610351562,183.1300048828125
2025-07-10,08:13:00,183.1300048828125,183.1300048828125,183.10000610351562,183.10000610351562
2025-07-10,08:14:00,183.10000610351562,183.10000610351562,183.02999877929688,183.10000610351562
2025-07-10,08:15:00,183.10000610351562,183.10000610351562,183.10000610351562,183.10000610351562
2025-07-10,08:16:00,183.10000610351562,183.1300048828125,183.0,183.1300048828125
2025-07-10,08:17:00,183.10000610351562,183.10000610351562,183.10000610351562,183.10000610351562
2025-07-10,08:18:00,183.10000610351562,183.1300048828125,183.10000610351562,183.10000610351562
2025-07-10,08:19:00,183.1300048828125,183.1300048828125,183.1300048828125,183.1300048828125
2025-07-10,08:20:00,183.10000610351562,183.1300048828125,183.10000610351562,183.1300048828125
2025-07-10,08:21:00,183.10000610351562,183.1300048828125,183.10000610351562,183.1300048828125
2025-07-10,08:22:00,183.10000610351562,183.10000610351562,183.10000610351562,183.10000610351562
2025-07-10,08:24:00,183.10000610351562,183.1300048828125,183.10000610351562,183.1300048828125
2025-07-10,08:25:00,183.10000610351562,183.1300048828125,183.10000610351562,183.1300048828125
2025-07-10,08:26:00,183.10000610351562,183.11000061035156,183.10000610351562,183.11000061035156
2025-07-10,08:27:00,183.10000610351562,183.1199951171875,183.10000610351562,183.11000061035156
2025-07-10,08:28:00,183.10000610351562,183.1199951171875,183.10000610351562,183.10000610351562
2025-07-10,08:29:00,183.1199951171875,183.1199951171875,183.0,183.0
2025-07-10,08:30:00,183.0,183.0,183.0,183.0
2025-07-10,08:31:00,183.11000061035156,183.11000061035156,183.11000061035156,183.11000061035156
2025-07-10,08:33:00,183.0800018310547,183.0800018310547,183.0500030517578,183.0500030517578
2025-07-10,08:35:00,183.0800018310547,183.0800018310547,183.0800018310547,183.0800018310547
2025-07-10,08:36:00,183.0800018310547,183.0800018310547,183.0500030517578,183.0500030517578
2025-07-10,08:37:00,183.0500030517578,183.39999389648438,183.0500030517578,183.2899932861328
2025-07-10,08:38:00,183.3000030517578,183.3800048828125,183.3000030517578,183.3800048828125
2025-07-10,08:39:00,183.4199981689453,183.4199981689453,183.33999633789062,183.33999633789062
2025-07-10,08:40:00,183.2899932861328,183.2899932861328,183.2899932861328,183.2899932861328
2025-07-10,08:41:00,183.4199981689453,183.4199981689453,183.27999877929688,183.27999877929688
2025-07-10,08:42:00,183.4199981689453,183.4499969482422,183.30999755859375,183.30999755859375
2025-07-10,08:43:00,183.30999755859375,183.30999755859375,183.30999755859375,183.30999755859375
2025-07-10,08:44:00,183.3800048828125,183.38999938964844,183.3800048828125,183.38999938964844
2025-07-10,08:45:00,183.32000732421875,183.32000732421875,183.32000732421875,183.32000732421875
2025-07-10,08:46:00,183.4499969482422,183.4499969482422,183.32000732421875,183.32000732421875
2025-07-10,08:47:00,183.3800048828125,183.3800048828125,183.27999877929688,183.27999877929688
2025-07-10,08:48:00,183.1999969482422,183.2899932861328,183.1999969482422,183.2899932861328
2025-07-10,08:50:00,183.22999572753906,183.22999572753906,183.22999572753906,183.22999572753906
2025-07-10,08:51:00,183.39999389648438,183.39999389648438,183.27000427246094,183.27000427246094
2025-07-10,08:52:00,183.35000610351562,183.35000610351562,183.1699981689453,183.33999633789062
2025-07-10,08:53:00,183.30999755859375,183.33999633789062,183.19000244140625,183.19000244140625
2025-07-10,08:54:00,183.2899932861328,183.2899932861328,183.2899932861328,183.2899932861328
2025-07-10,08:55:00,183.3000030517578,183.3000030517578,183.3000030517578,183.3000030517578
2025-07-10,08:56:00,183.32000732421875,183.32000732421875,183.32000732421875,183.32000732421875
2025-07-10,08:58:00,183.22999572753906,183.3699951171875,183.22999572753906,183.3699951171875
2025-07-10,08:59:00,183.24000549316406,183.3699951171875,183.1999969482422,183.1999969482422
2025-07-10,09:00:00,183.36000061035156,183.36000061035156,183.36000061035156,183.36000061035156
2025-07-10,09:01:00,183.3000030517578,183.9499969482422,183.25999450683594,183.7899932861328
2025-07-10,09:02:00,183.77999877929688,183.97999572753906,183.77999877929688,183.8000030517578
2025-07-10,09:03:00,183.97000122070312,183.97000122070312,183.8000030517578,183.9600067138672
2025-07-10,09:04:00,183.80999755859375,183.80999755859375,183.77999877929688,183.77999877929688
2025-07-10,09:05:00,183.9600067138672,184.0,183.8000030517578,184.0
2025-07-10,09:06:00,184.1999969482422,184.1999969482422,184.0,184.07000732421875
2025-07-10,09:07:00,184.24000549316406,184.24000549316406,184.1199951171875,184.1199951171875
2025-07-10,09:08:00,184.25999450683594,184.2899932861328,184.25999450683594,184.2899932861328
2025-07-10,09:09:00,184.14999389648438,184.27999877929688,184.14999389648438,184.27999877929688
2025-07-10,09:10:00,184.16000366210938,184.22999572753906,184.16000366210938,184.22999572753906
2025-07-10,09:11:00,184.1999969482422,184.1999969482422,184.0800018310547,184.1999969482422
2025-07-10,09:12:00,184.1999969482422,184.1999969482422,184.17999267578125,184.17999267578125
2025-07-10,09:13:00,184.17999267578125,184.17999267578125,184.17999267578125,184.17999267578125
2025-07-10,09:14:00,184.17999267578125,184.1999969482422,184.17999267578125,184.1999969482422
2025-07-10,09:15:00,184.1999969482422,184.27999877929688,184.1999969482422,184.27999877929688
2025-07-10,09:16:00,184.27999877929688,184.2899932861328,184.27999877929688,184.27999877929688
2025-07-10,09:17:00,184.0,184.24000549316406,184.0,184.24000549316406
2025-07-10,09:18:00,184.24000549316406,184.24000549316406,184.0,184.0
2025-07-10,09:19:00,184.0,184.00999450683594,184.0,184.00999450683594
2025-07-10,09:20:00,184.00999450683594,184.00999450683594,184.00999450683594,184.00999450683594
2025-07-10,09:21:00,184.14999389648438,184.14999389648438,184.14999389648438,184.14999389648438
2025-07-10,09:22:00,183.92999267578125,183.92999267578125,183.5399932861328,183.5399932861328
2025-07-10,09:24:00,183.5399932861328,183.75,183.5399932861328,183.75
2025-07-10,09:25:00,183.8699951171875,183.8699951171875,183.8699951171875,183.8699951171875
2025-07-10,09:26:00,184.0,184.0,184.0,184.0
2025-07-10,09:27:00,184.35000610351562,184.35000610351562,184.10000610351562,184.10000610351562
2025-07-10,09:28:00,183.97000122070312,183.97000122070312,183.97000122070312,183.97000122070312
2025-07-10,09:29:00,183.94000244140625,184.0,183.75999450683594,183.77999877929688
2025-07-10,09:30:00,183.99000549316406,184.19000244140625,183.99000549316406,184.10000610351562
2025-07-10,09:31:00,184.1999969482422,184.1999969482422,184.05999755859375,184.05999755859375
2025-07-10,09:32:00,183.82000732421875,184.0,183.82000732421875,183.85000610351562
2025-07-10,09:33:00,183.97000122070312,183.97000122070312,183.80999755859375,183.80999755859375
2025-07-10,09:34:00,183.94000244140625,183.94000244140625,183.80999755859375,183.80999755859375
2025-07-10,09:35:00,184.07000732421875,184.2899932861328,183.82000732421875,184.2899932861328
2025-07-10,09:36:00,184.52999877929688,184.52999877929688,184.27999877929688,184.30999755859375
2025-07-10,09:37:00,184.47999572753906,184.47999572753906,184.2100067138672,184.38999938964844
2025-07-10,09:38:00,184.39999389648438,184.4499969482422,184.39999389648438,184.4499969482422
2025-07-10,09:39:00,184.3699951171875,184.4499969482422,184.30999755859375,184.30999755859375
2025-07-10,09:40:00,184.2899932861328,184.2899932861328,184.00999450683594,184.16000366210938
2025-07-10,09:41:00,184.0500030517578,184.16000366210938,184.0,184.0
2025-07-10,09:42:00,184.13999938964844,184.22999572753906,184.0,184.05999755859375
2025-07-10,09:43:00,184.24000549316406,184.24000549316406,184.0,184.00999450683594
2025-07-10,09:44:00,184.10000610351562,184.10000610351562,183.9600067138672,183.97000122070312
2025-07-10,09:45:00,183.99000549316406,184.44000244140625,183.99000549316406,184.44000244140625
2025-07-10,09:46:00,184.5,184.52000427246094,184.3300018310547,184.5
2025-07-10,09:47:00,184.7899932861328,184.7899932861328,184.4600067138672,184.5399932861328
2025-07-10,09:48:00,184.52999877929688,184.60000610351562,184.3699951171875,184.60000610351562
2025-07-10,09:49:00,184.57000732421875,184.60000610351562,184.44000244140625,184.60000610351562
2025-07-10,09:50:00,184.60000610351562,184.60000610351562,184.47999572753906,184.60000610351562
2025-07-10,09:51:00,184.60000610351562,184.6999969482422,184.5,184.5500030517578
2025-07-10,09:52:00,184.52999877929688,184.60000610351562,184.3699951171875,184.5500030517578
2025-07-10,09:53:00,184.60000610351562,184.6199951171875,184.38999938964844,184.5
2025-07-10,09:54:00,184.49000549316406,184.49000549316406,184.22000122070312,184.41000366210938
2025-07-10,09:55:00,184.2899932861328,184.39999389648438,184.25999450683594,184.39999389648438
2025-07-10,09:56:00,184.39999389648438,184.6699981689453,184.39999389648438,184.5500030517578
2025-07-10,09:57:00,184.67999267578125,184.85000610351562,184.1999969482422,184.24000549316406
2025-07-10,09:58:00,184.5800018310547,184.5800018310547,184.1999969482422,184.39999389648438
2025-07-10,09:59:00,184.44000244140625,184.44000244140625,184.44000244140625,184.44000244140625
2025-07-11,03:45:00,184.14999389648438,184.14999389648438,183.50999450683594,183.50999450683594
2025-07-11,03:46:00,183.60000610351562,183.63999938964844,183.50999450683594,183.50999450683594
2025-07-11,03:47:00,183.50999450683594,183.50999450683594,183.33999633789062,183.4199981689453
2025-07-11,03:48:00,183.4199981689453,183.50999450683594,183.35000610351562,183.39999389648438
2025-07-11,03:49:00,183.67999267578125,183.85000610351562,183.3699951171875,183.47999572753906
2025-07-11,03:50:00,183.47999572753906,184.10000610351562,183.47999572753906,184.10000610351562
2025-07-11,03:51:00,184.11000061035156,184.47999572753906,184.11000061035156,184.47999572753906
2025-07-11,03:52:00,184.36000061035156,184.5,184.22999572753906,184.47999572753906
2025-07-11,03:53:00,184.5500030517578,184.5500030517578,184.16000366210938,184.16000366210938
2025-07-11,03:54:00,184.1199951171875,184.25999450683594,184.1199951171875,184.22999572753906
2025-07-11,03:55:00,184.3300018310547,184.5,184.3300018310547,184.5
2025-07-11,03:56:00,184.7899932861328,184.7899932861328,184.6999969482422,184.6999969482422
2025-07-11,03:57:00,184.8000030517578,184.99000549316406,184.72999572753906,184.94000244140625
2025-07-11,03:58:00,184.72999572753906,184.91000366210938,184.7100067138672,184.7899932861328
2025-07-11,03:59:00,184.60000610351562,184.60000610351562,184.5,184.60000610351562
2025-07-11,04:00:00,184.3699951171875,184.3699951171875,184.2100067138672,184.2100067138672
2025-07-11,04:01:00,184.2100067138672,184.2100067138672,184.16000366210938,184.17999267578125
2025-07-11,04:02:00,184.3000030517578,184.3000030517578,184.17999267578125,184.17999267578125
2025-07-11,04:03:00,184.32000732421875,184.33999633789062,184.0500030517578,184.33999633789062
2025-07-11,04:04:00,184.1699981689453,184.38999938964844,184.1699981689453,184.38999938964844
2025-07-11,04:05:00,184.0500030517578,184.4199981689453,184.0500030517578,184.4199981689453
2025-07-11,04:06:00,184.42999267578125,184.86000061035156,184.42999267578125,184.86000061035156
2025-07-11,04:07:00,184.9499969482422,185.39999389648438,184.9499969482422,185.39999389648438
2025-07-11,04:08:00,185.5,185.6999969482422,185.5,185.58999633789062
2025-07-11,04:09:00,185.6300048828125,185.6300048828125,185.3699951171875,185.3699951171875
2025-07-11,04:10:00,185.47000122070312,185.94000244140625,185.47000122070312,185.89999389648438
2025-07-11,04:11:00,185.94000244140625,185.9600067138672,185.75,185.8000030517578
2025-07-11,04:12:00,185.77000427246094,185.88999938964844,185.6699981689453,185.6699981689453
2025-07-11,04:13:00,185.6699981689453,185.6699981689453,185.36000061035156,185.36000061035156
2025-07-11,04:14:00,185.22000122070312,185.38999938964844,185.22000122070312,185.38999938964844
2025-07-11,04:15:00,185.3699951171875,185.3699951171875,185.22000122070312,185.22000122070312
2025-07-11,04:16:00,185.1999969482422,185.3300018310547,185.1999969482422,185.3000030517578
2025-07-11,04:17:00,185.3699951171875,185.50999450683594,185.3699951171875,185.50999450683594
2025-07-11,04:18:00,185.3800048828125,185.39999389648438,185.1999969482422,185.1999969482422
2025-07-11,04:19:00,185.22999572753906,185.25,185.17999267578125,185.25
2025-07-11,04:20:00,185.3000030517578,185.3000030517578,185.17999267578125,185.3000030517578
2025-07-11,04:21:00,185.10000610351562,185.60000610351562,185.10000610351562,185.5800018310547
2025-07-11,04:22:00,185.5,185.72000122070312,185.5,185.72000122070312
2025-07-11,04:23:00,185.7100067138672,185.9499969482422,185.63999938964844,185.6999969482422
2025-07-11,04:24:00,185.86000061035156,186.0,185.7100067138672,186.0
2025-07-11,04:25:00,185.9600067138672,186.5,185.9600067138672,186.5
2025-07-11,04:26:00,186.27999877929688,186.3699951171875,186.0,186.11000061035156
2025-07-11,04:27:00,186.13999938964844,186.1699981689453,185.91000366210938,185.91000366210938
2025-07-11,04:28:00,185.9499969482422,185.9499969482422,185.60000610351562,185.60000610351562
2025-07-11,04:29:00,185.33999633789062,185.49000549316406,185.3000030517578,185.49000549316406
2025-07-11,04:30:00,185.60000610351562,185.60000610351562,185.1699981689453,185.1699981689453
2025-07-11,04:31:00,185.1699981689453,185.1699981689453,185.0500030517578,185.0500030517578
2025-07-11,04:32:00,185.1699981689453,185.19000244140625,184.8699951171875,184.8699951171875
2025-07-11,04:33:00,184.92999267578125,184.92999267578125,184.6199951171875,184.6199951171875
2025-07-11,04:34:00,184.66000366210938,184.66000366210938,184.64999389648438,184.64999389648438
2025-07-11,04:35:00,184.66000366210938,184.7100067138672,184.60000610351562,184.6999969482422
2025-07-11,04:36:00,184.72000122070312,184.72000122070312,184.69000244140625,184.69000244140625
2025-07-11,04:37:00,184.5399932861328,184.5399932861328,184.4499969482422,184.4499969482422
2025-07-11,04:38:00,184.47999572753906,184.67999267578125,184.47999572753906,184.67999267578125
2025-07-11,04:39:00,184.5399932861328,184.72000122070312,184.5,184.72000122070312
2025-07-11,04:40:00,184.77000427246094,184.91000366210938,184.74000549316406,184.74000549316406
2025-07-11,04:41:00,184.72999572753906,184.72999572753906,184.72999572753906,184.72999572753906
2025-07-11,04:42:00,184.74000549316406,184.97999572753906,184.74000549316406,184.9199981689453
2025-07-11,04:43:00,184.85000610351562,184.85000610351562,184.69000244140625,184.69000244140625
2025-07-11,04:44:00,184.6999969482422,184.85000610351562,184.6999969482422,184.85000610351562
2025-07-11,04:45:00,184.75999450683594,184.91000366210938,184.75999450683594,184.77000427246094
2025-07-11,04:46:00,184.89999389648438,184.89999389648438,184.6999969482422,184.8000030517578
2025-07-11,04:47:00,184.8000030517578,184.89999389648438,184.8000030517578,184.89999389648438
2025-07-11,04:48:00,184.89999389648438,184.89999389648438,184.8000030517578,184.8000030517578
2025-07-11,04:49:00,184.44000244140625,184.5800018310547,184.44000244140625,184.5
2025-07-11,04:50:00,184.60000610351562,184.60000610351562,184.55999755859375,184.55999755859375
2025-07-11,04:51:00,184.55999755859375,184.55999755859375,184.55999755859375,184.55999755859375
2025-07-11,04:53:00,184.60000610351562,184.77999877929688,184.60000610351562,184.77999877929688
2025-07-11,04:54:00,184.6300048828125,184.6300048828125,184.6300048828125,184.6300048828125
2025-07-11,04:55:00,184.60000610351562,184.6999969482422,184.60000610351562,184.61000061035156
2025-07-11,04:56:00,184.6999969482422,185.0,184.6999969482422,185.0
2025-07-11,04:57:00,185.3000030517578,185.39999389648438,185.3000030517578,185.39999389648438
2025-07-11,04:58:00,185.5,185.58999633789062,185.5,185.58999633789062
2025-07-11,04:59:00,185.75,185.80999755859375,185.55999755859375,185.80999755859375
2025-07-11,05:00:00,185.8800048828125,186.1999969482422,185.8800048828125,186.1999969482422
2025-07-11,05:01:00,186.1999969482422,186.4499969482422,186.1999969482422,186.4499969482422
2025-07-11,05:02:00,186.3699951171875,186.3699951171875,185.97000122070312,186.0
2025-07-11,05:03:00,185.72999572753906,186.1999969482422,185.5399932861328,186.1999969482422
2025-07-11,05:04:00,186.0399932861328,186.0399932861328,186.00999450683594,186.02999877929688
2025-07-11,05:05:00,185.66000366210938,185.66000366210938,185.27000427246094,185.50999450683594
2025-07-11,05:06:00,185.3800048828125,185.74000549316406,185.3800048828125,185.72000122070312
2025-07-11,05:07:00,186.10000610351562,187.1999969482422,186.0800018310547,187.1999969482422
2025-07-11,05:08:00,187.44000244140625,187.74000549316406,187.22000122070312,187.22000122070312
2025-07-11,05:09:00,187.19000244140625,187.19000244140625,186.6999969482422,186.6999969482422
2025-07-11,05:10:00,186.6999969482422,187.0,186.6999969482422,186.72999572753906
2025-07-11,05:11:00,186.6699981689453,186.6699981689453,186.5500030517578,186.6300048828125
2025-07-11,05:12:00,186.49000549316406,186.49000549316406,186.39999389648438,186.39999389648438
2025-07-11,05:13:00,186.27000427246094,186.27000427246094,186.02000427246094,186.1199951171875
2025-07-11,05:14:00,186.0,186.00999450683594,185.82000732421875,185.82000732421875
2025-07-11,05:15:00,185.72000122070312,186.38999938964844,185.72000122070312,186.17999267578125
2025-07-11,05:16:00,186.0,186.2899932861328,186.0,186.2899932861328
2025-07-11,05:17:00,186.39999389648438,186.39999389648438,186.10000610351562,186.10000610351562
2025-07-11,05:18:00,186.10000610351562,186.19000244140625,186.10000610351562,186.19000244140625
2025-07-11,05:19:00,186.27999877929688,186.3000030517578,186.10000610351562,186.1999969482422
2025-07-11,05:20:00,186.10000610351562,186.41000366210938,186.10000610351562,186.41000366210938
2025-07-11,05:21:00,186.6300048828125,186.8000030517578,186.42999267578125,186.52999877929688
2025-07-11,05:22:00,186.52999877929688,187.02000427246094,186.52999877929688,186.77000427246094
2025-07-11,05:23:00,186.77000427246094,186.91000366210938,186.39999389648438,186.39999389648438
2025-07-11,05:24:00,186.3000030517578,186.30999755859375,186.3000030517578,186.30999755859375
2025-07-11,05:25:00,186.3000030517578,186.3000030517578,186.0,186.0
2025-07-11,05:26:00,185.91000366210938,185.91000366210938,185.91000366210938,185.91000366210938
2025-07-11,05:27:00,185.75,185.75,185.55999755859375,185.60000610351562
2025-07-11,05:28:00,185.75999450683594,185.75999450683594,185.58999633789062,185.60000610351562
2025-07-11,05:29:00,185.60000610351562,185.6999969482422,185.5,185.6999969482422
2025-07-11,05:30:00,185.60000610351562,185.60000610351562,185.25,185.36000061035156
2025-07-11,05:31:00,185.22999572753906,185.27999877929688,185.22999572753906,185.25
2025-07-11,05:32:00,185.25,185.35000610351562,184.75999450683594,184.75999450683594
2025-07-11,05:33:00,184.74000549316406,184.74000549316406,184.64999389648438,184.64999389648438
2025-07-11,05:34:00,184.75,184.92999267578125,184.75,184.92999267578125
2025-07-11,05:35:00,184.9199981689453,184.9199981689453,184.80999755859375,184.80999755859375
2025-07-11,05:36:00,184.80999755859375,184.80999755859375,184.80999755859375,184.80999755859375
2025-07-11,05:37:00,184.80999755859375,184.89999389648438,184.80999755859375,184.89999389648438
2025-07-11,05:38:00,184.89999389648438,184.97000122070312,184.89999389648438,184.97000122070312
2025-07-11,05:39:00,185.0800018310547,185.0800018310547,185.0,185.0
2025-07-11,05:40:00,184.9199981689453,185.5,184.9199981689453,185.3000030517578
2025-07-11,05:41:00,185.25,185.8000030517578,185.25,185.8000030517578
2025-07-11,05:42:00,185.8000030517578,185.8000030517578,185.8000030517578,185.8000030517578
2025-07-11,05:43:00,185.82000732421875,185.94000244140625,185.50999450683594,185.8300018310547
2025-07-11,05:44:00,186.1999969482422,186.1999969482422,186.1999969482422,186.1999969482422
2025-07-11,05:45:00,186.0500030517578,186.0500030517578,185.8699951171875,185.8699951171875
2025-07-11,05:46:00,185.8699951171875,185.8699951171875,185.8699951171875,185.8699951171875
2025-07-11,05:47:00,185.72000122070312,185.85000610351562,185.72000122070312,185.72000122070312
2025-07-11,05:48:00,185.85000610351562,185.85000610351562,185.72000122070312,185.72000122070312
2025-07-11,05:49:00,185.72000122070312,185.72000122070312,185.5500030517578,185.6199951171875
2025-07-11,05:50:00,185.5,185.5399932861328,185.36000061035156,185.5399932861328
2025-07-11,05:51:00,185.55999755859375,185.55999755859375,185.55999755859375,185.55999755859375
2025-07-11,05:52:00,185.32000732421875,185.32000732421875,185.32000732421875,185.32000732421875
2025-07-11,05:53:00,185.35000610351562,185.35000610351562,185.35000610351562,185.35000610351562
2025-07-11,05:54:00,185.33999633789062,185.33999633789062,185.33999633789062,185.33999633789062
2025-07-11,05:55:00,185.47000122070312,185.47000122070312,185.30999755859375,185.30999755859375
2025-07-11,05:56:00,185.16000366210938,185.16000366210938,185.16000366210938,185.16000366210938
2025-07-11,05:57:00,185.17999267578125,185.24000549316406,185.16000366210938,185.16000366210938
2025-07-11,05:58:00,185.16000366210938,185.16000366210938,185.16000366210938,185.16000366210938
2025-07-11,05:59:00,185.0500030517578,185.22000122070312,185.0500030517578,185.22000122070312
2025-07-11,06:00:00,185.25,185.25,185.25,185.25
2025-07-11,06:01:00,185.63999938964844,185.63999938964844,185.63999938964844,185.63999938964844
2025-07-11,06:02:00,185.44000244140625,185.44000244140625,185.44000244140625,185.44000244140625
2025-07-11,06:03:00,185.50999450683594,186.0800018310547,185.50999450683594,186.0800018310547
2025-07-11,06:04:00,186.1699981689453,186.2100067138672,186.0,186.0
2025-07-11,06:05:00,186.08999633789062,186.19000244140625,185.8699951171875,186.19000244140625
2025-07-11,06:06:00,186.02000427246094,186.25,185.8000030517578,185.8000030517578
2025-07-11,06:07:00,185.72000122070312,185.72000122070312,185.6999969482422,185.6999969482422
2025-07-11,06:08:00,185.82000732421875,185.82000732421875,185.6999969482422,185.6999969482422
2025-07-11,06:09:00,185.82000732421875,185.82000732421875,185.6999969482422,185.82000732421875
2025-07-11,06:10:00,185.86000061035156,185.86000061035156,185.77000427246094,185.77000427246094
2025-07-11,06:11:00,185.75,185.75,185.6999969482422,185.6999969482422
2025-07-11,06:12:00,185.6999969482422,186.49000549316406,185.6999969482422,186.49000549316406
2025-07-11,06:13:00,186.3300018310547,186.3300018310547,186.0,186.27000427246094
2025-07-11,06:14:00,186.22000122070312,186.49000549316406,186.22000122070312,186.39999389648438
2025-07-11,06:15:00,186.22000122070312,186.25,186.22000122070312,186.25
2025-07-11,06:16:00,186.10000610351562,186.22999572753906,186.10000610351562,186.10000610351562
2025-07-11,06:17:00,186.22000122070312,186.22000122070312,186.17999267578125,186.2100067138672
2025-07-11,06:18:00,186.1999969482422,186.2100067138672,186.1999969482422,186.2100067138672
2025-07-11,06:19:00,186.24000549316406,186.39999389648438,186.24000549316406,186.39999389648438
2025-07-11,06:20:00,186.6999969482422,186.7899932861328,186.64999389648438,186.75
2025-07-11,06:21:00,186.75,186.75,186.5800018310547,186.74000549316406
2025-07-11,06:22:00,186.61000061035156,186.7100067138672,186.47000122070312,186.7100067138672
2025-07-11,06:23:00,186.72000122070312,186.89999389648438,186.72000122070312,186.80999755859375
2025-07-11,06:24:00,186.80999755859375,186.89999389648438,186.52000427246094,186.52000427246094
2025-07-11,06:25:00,186.5500030517578,186.5500030517578,186.39999389648438,186.39999389648438
2025-07-11,06:26:00,186.35000610351562,186.35000610351562,186.25,186.25
2025-07-11,06:27:00,186.25,186.25,186.25,186.25
2025-07-11,06:28:00,186.25,186.30999755859375,186.25,186.30999755859375
2025-07-11,06:29:00,186.27000427246094,186.2899932861328,186.27000427246094,186.2899932861328
2025-07-11,06:30:00,186.2899932861328,186.57000732421875,186.2899932861328,186.3000030517578
2025-07-11,06:31:00,186.27999877929688,186.35000610351562,186.27999877929688,186.35000610351562
2025-07-11,06:32:00,186.2899932861328,186.2899932861328,186.24000549316406,186.24000549316406
2025-07-11,06:33:00,186.19000244140625,186.2899932861328,186.0800018310547,186.0800018310547
2025-07-11,06:34:00,186.19000244140625,186.19000244140625,185.9600067138672,185.9600067138672
2025-07-11,06:35:00,185.9499969482422,185.9499969482422,185.9499969482422,185.9499969482422
2025-07-11,06:36:00,186.0,186.22999572753906,186.0,186.0800018310547
2025-07-11,06:37:00,186.2100067138672,186.39999389648438,186.08999633789062,186.39999389648438
2025-07-11,06:38:00,186.85000610351562,187.44000244140625,186.85000610351562,187.2100067138672
2025-07-11,06:39:00,187.25,187.27999877929688,186.80999755859375,186.80999755859375
2025-07-11,06:40:00,186.85000610351562,187.4499969482422,186.85000610351562,187.4499969482422
2025-07-11,06:41:00,187.32000732421875,187.35000610351562,187.10000610351562,187.10000610351562
2025-07-11,06:42:00,187.10000610351562,187.16000366210938,186.94000244140625,187.1300048828125
2025-07-11,06:43:00,186.92999267578125,187.1199951171875,186.8699951171875,186.8800048828125
2025-07-11,06:44:00,186.99000549316406,187.02999877929688,186.99000549316406,187.02000427246094
2025-07-11,06:45:00,187.07000732421875,187.07000732421875,186.8800048828125,187.0399932861328
2025-07-11,06:46:00,187.10000610351562,187.10000610351562,186.89999389648438,186.89999389648438
2025-07-11,06:47:00,186.91000366210938,186.91000366210938,186.91000366210938,186.91000366210938
2025-07-11,06:48:00,186.97000122070312,187.0,186.86000061035156,186.86000061035156
2025-07-11,06:49:00,186.86000061035156,186.91000366210938,186.86000061035156,186.91000366210938
2025-07-11,06:50:00,186.85000610351562,186.9600067138672,186.77000427246094,186.77000427246094
2025-07-11,06:51:00,186.88999938964844,186.88999938964844,186.88999938964844,186.88999938964844
2025-07-11,06:52:00,186.75999450683594,186.89999389648438,186.63999938964844,186.63999938964844
2025-07-11,06:53:00,186.75,186.8300018310547,186.7100067138672,186.7100067138672
2025-07-11,06:54:00,186.88999938964844,186.88999938964844,186.86000061035156,186.86000061035156
2025-07-11,06:55:00,186.86000061035156,186.97000122070312,186.74000549316406,186.9499969482422
2025-07-11,06:56:00,186.8000030517578,186.92999267578125,186.8000030517578,186.92999267578125
2025-07-11,06:57:00,186.92999267578125,186.92999267578125,186.74000549316406,186.74000549316406
2025-07-11,06:58:00,186.8000030517578,186.8000030517578,186.8000030517578,186.8000030517578
2025-07-11,06:59:00,186.91000366210938,186.91000366210938,186.75,186.75
2025-07-11,07:00:00,186.74000549316406,186.74000549316406,186.74000549316406,186.74000549316406
2025-07-11,07:01:00,186.6199951171875,186.6199951171875,186.52999877929688,186.5399932861328
2025-07-11,07:02:00,186.72000122070312,186.72000122070312,186.52999877929688,186.7100067138672
2025-07-11,07:03:00,186.5800018310547,186.72999572753906,186.5800018310547,186.72000122070312
2025-07-11,07:04:00,186.72999572753906,186.74000549316406,186.5800018310547,186.74000549316406
2025-07-11,07:05:00,186.75,186.75,186.75,186.75
2025-07-11,07:06:00,186.85000610351562,186.85000610351562,186.85000610351562,186.85000610351562
2025-07-11,07:07:00,186.85000610351562,186.85000610351562,186.85000610351562,186.85000610351562
2025-07-11,07:08:00,186.92999267578125,186.92999267578125,186.92999267578125,186.92999267578125
2025-07-11,07:09:00,186.77000427246094,186.77000427246094,186.77000427246094,186.77000427246094
2025-07-11,07:10:00,186.8000030517578,186.8000030517578,186.6300048828125,186.6300048828125
2025-07-11,07:11:00,186.6300048828125,186.6300048828125,186.6300048828125,186.6300048828125
2025-07-11,07:12:00,186.66000366210938,186.66000366210938,186.5500030517578,186.5500030517578
2025-07-11,07:13:00,186.72999572753906,186.72999572753906,186.5399932861328,186.5399932861328
2025-07-11,07:14:00,186.5,186.5,186.5,186.5
2025-07-11,07:15:00,186.5,186.5,186.5,186.5
2025-07-11,07:16:00,186.5,186.57000732421875,186.39999389648438,186.39999389648438
2025-07-11,07:19:00,186.5,186.5,186.41000366210938,186.41000366210938
2025-07-11,07:20:00,186.41000366210938,186.5,186.41000366210938,186.41000366210938
2025-07-11,07:21:00,186.5,186.5,186.5,186.5
2025-07-11,07:22:00,186.4499969482422,186.5,186.4499969482422,186.5
2025-07-11,07:23:00,186.49000549316406,186.49000549316406,186.49000549316406,186.49000549316406
2025-07-11,07:24:00,186.49000549316406,186.49000549316406,186.41000366210938,186.41000366210938
2025-07-11,07:25:00,186.49000549316406,186.52000427246094,186.41000366210938,186.52000427246094
2025-07-11,07:26:00,186.52000427246094,186.57000732421875,186.52000427246094,186.57000732421875
2025-07-11,07:27:00,186.41000366210938,186.41000366210938,186.41000366210938,186.41000366210938
2025-07-11,07:28:00,186.41000366210938,186.58999633789062,186.41000366210938,186.58999633789062
2025-07-11,07:29:00,186.60000610351562,186.60000610351562,186.4199981689453,186.4199981689453
2025-07-11,07:30:00,186.4199981689453,186.4199981689453,186.00999450683594,186.00999450683594
2025-07-11,07:31:00,186.00999450683594,186.00999450683594,186.00999450683594,186.00999450683594
2025-07-11,07:32:00,186.17999267578125,186.17999267578125,185.8300018310547,185.83999633789062
2025-07-11,07:33:00,185.92999267578125,185.92999267578125,185.69000244140625,185.6999969482422
2025-07-11,07:34:00,185.69000244140625,185.69000244140625,185.69000244140625,185.69000244140625
2025-07-11,07:35:00,185.6999969482422,185.75,185.6999969482422,185.75
2025-07-11,07:36:00,185.80999755859375,185.80999755859375,185.80999755859375,185.80999755859375
2025-07-11,07:37:00,185.75,185.8000030517578,185.75,185.8000030517578
2025-07-11,07:38:00,185.75,185.75,185.58999633789062,185.67999267578125
2025-07-11,07:39:00,185.67999267578125,185.75999450683594,185.67999267578125,185.75
2025-07-11,07:40:00,185.74000549316406,185.74000549316406,185.5399932861328,185.5399932861328
2025-07-11,07:41:00,185.69000244140625,185.8000030517578,185.69000244140625,185.8000030517578
2025-07-11,07:42:00,185.7100067138672,185.7100067138672,185.64999389648438,185.64999389648438
2025-07-11,07:43:00,185.52000427246094,185.52000427246094,185.52000427246094,185.52000427246094
2025-07-11,07:44:00,185.5800018310547,185.6999969482422,185.5800018310547,185.6999969482422
2025-07-11,07:45:00,185.58999633789062,185.58999633789062,185.58999633789062,185.58999633789062
2025-07-11,07:46:00,185.7899932861328,185.8300018310547,185.7899932861328,185.8300018310547
2025-07-11,07:47:00,185.60000610351562,185.74000549316406,185.60000610351562,185.74000549316406
2025-07-11,07:49:00,185.60000610351562,185.8000030517578,185.60000610351562,185.7899932861328
2025-07-11,07:51:00,185.61000061035156,185.75,185.5800018310547,185.67999267578125
2025-07-11,07:53:00,185.58999633789062,185.58999633789062,185.55999755859375,185.55999755859375
2025-07-11,07:55:00,185.66000366210938,185.66000366210938,185.66000366210938,185.66000366210938
2025-07-11,07:57:00,185.66000366210938,185.66000366210938,185.66000366210938,185.66000366210938
2025-07-11,07:58:00,185.7899932861328,185.7899932861328,185.77999877929688,185.77999877929688
2025-07-11,08:00:00,185.86000061035156,185.86000061035156,185.86000061035156,185.86000061035156
2025-07-11,08:03:00,185.89999389648438,185.89999389648438,185.75,185.88999938964844
2025-07-11,08:04:00,185.77000427246094,185.77000427246094,185.77000427246094,185.77000427246094
2025-07-11,08:05:00,185.8699951171875,185.8699951171875,185.77000427246094,185.8699951171875
2025-07-11,08:06:00,185.66000366210938,185.66000366210938,185.66000366210938,185.66000366210938
2025-07-11,08:07:00,185.6999969482422,186.3000030517578,185.6999969482422,186.02000427246094
2025-07-11,08:08:00,185.72999572753906,185.72999572753906,185.72999572753906,185.72999572753906
2025-07-11,08:09:00,185.89999389648438,185.89999389648438,185.89999389648438,185.89999389648438
2025-07-11,08:10:00,185.75,185.75,185.75,185.75
2025-07-11,08:11:00,185.50999450683594,185.77999877929688,185.50999450683594,185.77999877929688
2025-07-11,08:12:00,185.7899932861328,186.89999389648438,185.7899932861328,186.75
2025-07-11,08:13:00,186.64999389648438,186.64999389648438,186.47000122070312,186.47000122070312
2025-07-11,08:14:00,186.67999267578125,186.67999267578125,186.47999572753906,186.47999572753906
2025-07-11,08:15:00,186.3000030517578,186.3000030517578,186.3000030517578,186.3000030517578
2025-07-11,08:16:00,186.3000030517578,186.35000610351562,186.22999572753906,186.22999572753906
2025-07-11,08:17:00,186.27000427246094,186.4600067138672,186.22999572753906,186.4600067138672
2025-07-11,08:18:00,186.61000061035156,186.61000061035156,186.41000366210938,186.41000366210938
2025-07-11,08:19:00,186.22999572753906,186.5,186.22999572753906,186.5
2025-07-11,08:20:00,186.41000366210938,186.60000610351562,186.2100067138672,186.60000610351562
2025-07-11,08:21:00,186.6699981689453,186.72999572753906,186.5,186.72000122070312
2025-07-11,08:22:00,186.60000610351562,186.6199951171875,186.60000610351562,186.6199951171875
2025-07-11,08:23:00,186.6300048828125,186.66000366210938,186.6199951171875,186.66000366210938
2025-07-11,08:24:00,186.64999389648438,186.75,186.6300048828125,186.75
2025-07-11,08:25:00,186.6300048828125,186.6300048828125,186.6300048828125,186.6300048828125
2025-07-11,08:26:00,186.75,186.85000610351562,186.60000610351562,186.63999938964844
2025-07-11,08:27:00,186.63999938964844,186.85000610351562,186.63999938964844,186.85000610351562
2025-07-11,08:28:00,186.7100067138672,186.72000122070312,186.7100067138672,186.72000122070312
2025-07-11,08:29:00,186.85000610351562,186.85000610351562,186.6199951171875,186.7100067138672
2025-07-11,08:30:00,186.60000610351562,186.60000610351562,186.60000610351562,186.60000610351562
2025-07-11,08:31:00,186.52999877929688,186.5500030517578,186.52999877929688,186.5500030517578
2025-07-11,08:32:00,186.60000610351562,186.67999267578125,186.60000610351562,186.67999267578125
2025-07-11,08:33:00,186.69000244140625,186.69000244140625,186.63999938964844,186.63999938964844
2025-07-11,08:34:00,186.41000366210938,186.69000244140625,186.41000366210938,186.57000732421875
2025-07-11,08:35:00,186.57000732421875,186.6699981689453,186.57000732421875,186.6699981689453
2025-07-11,08:36:00,186.5,186.5,186.5,186.5
2025-07-11,08:37:00,186.41000366210938,186.6199951171875,186.3800048828125,186.3800048828125
2025-07-11,08:38:00,186.5,186.57000732421875,186.5,186.5
2025-07-11,08:39:00,186.5,186.60000610351562,186.5,186.60000610351562
2025-07-11,08:40:00,187.27999877929688,187.6199951171875,186.9499969482422,186.9499969482422
2025-07-11,08:41:00,186.7100067138672,186.9499969482422,186.7100067138672,186.9499969482422
2025-07-11,08:42:00,186.7100067138672,186.7100067138672,186.7100067138672,186.7100067138672
2025-07-11,08:43:00,186.77000427246094,186.92999267578125,186.77000427246094,186.9199981689453
2025-07-11,08:44:00,187.49000549316406,187.49000549316406,187.22000122070312,187.38999938964844
2025-07-11,08:45:00,187.3000030517578,187.39999389648438,187.25,187.25999450683594
2025-07-11,08:46:00,187.25,187.47000122070312,187.17999267578125,187.19000244140625
2025-07-11,08:47:00,187.08999633789062,187.6999969482422,187.08999633789062,187.5399932861328
2025-07-11,08:48:00,187.38999938964844,187.5,187.36000061035156,187.39999389648438
2025-07-11,08:49:00,187.4499969482422,187.4499969482422,187.27999877929688,187.27999877929688
2025-07-11,08:50:00,187.27999877929688,187.5,187.16000366210938,187.47999572753906
2025-07-11,08:51:00,187.33999633789062,187.5,187.2100067138672,187.5
2025-07-11,08:52:00,187.64999389648438,187.6999969482422,187.50999450683594,187.52999877929688
2025-07-11,08:53:00,187.4199981689453,187.64999389648438,187.4199981689453,187.5
2025-07-11,08:54:00,187.5,187.5,187.36000061035156,187.36000061035156
2025-07-11,08:55:00,187.33999633789062,187.33999633789062,187.24000549316406,187.25999450683594
2025-07-11,08:56:00,187.25999450683594,187.33999633789062,187.1999969482422,187.30999755859375
2025-07-11,08:57:00,187.2100067138672,187.25999450683594,187.16000366210938,187.16000366210938
2025-07-11,08:58:00,187.17999267578125,187.36000061035156,187.17999267578125,187.3000030517578
2025-07-11,08:59:00,187.3699951171875,187.60000610351562,187.30999755859375,187.60000610351562
2025-07-11,09:00:00,187.55999755859375,187.89999389648438,187.42999267578125,187.60000610351562
2025-07-11,09:01:00,187.6999969482422,187.6999969482422,187.44000244140625,187.44000244140625
2025-07-11,09:02:00,187.44000244140625,187.50999450683594,187.2100067138672,187.2100067138672
2025-07-11,09:03:00,187.42999267578125,187.47999572753906,187.3000030517578,187.3000030517578
2025-07-11,09:04:00,187.36000061035156,187.3800048828125,187.22000122070312,187.22000122070312
2025-07-11,09:05:00,187.22000122070312,187.22000122070312,187.11000061035156,187.1999969482422
2025-07-11,09:06:00,187.0,187.02000427246094,187.0,187.02000427246094
2025-07-11,09:07:00,187.05999755859375,187.1999969482422,187.0500030517578,187.10000610351562
2025-07-11,09:08:00,187.10000610351562,187.27000427246094,187.10000610351562,187.27000427246094
2025-07-11,09:09:00,187.13999938964844,187.3000030517578,186.92999267578125,186.92999267578125
2025-07-11,09:10:00,186.9199981689453,187.0500030517578,186.61000061035156,187.0500030517578
2025-07-11,09:11:00,187.17999267578125,187.17999267578125,187.05999755859375,187.05999755859375
2025-07-11,09:12:00,187.22999572753906,187.27999877929688,187.05999755859375,187.10000610351562
2025-07-11,09:13:00,186.99000549316406,187.19000244140625,186.99000549316406,187.0800018310547
2025-07-11,09:14:00,187.0800018310547,187.1999969482422,187.05999755859375,187.05999755859375
2025-07-11,09:15:00,187.0500030517578,187.1999969482422,187.02999877929688,187.02999877929688
2025-07-11,09:16:00,187.0,187.02000427246094,187.0,187.02000427246094
2025-07-11,09:17:00,187.10000610351562,187.10000610351562,187.00999450683594,187.10000610351562
2025-07-11,09:18:00,187.0,187.2899932861328,187.0,187.22000122070312
2025-07-11,09:19:00,187.75,187.88999938964844,187.47999572753906,187.47999572753906
2025-07-11,09:20:00,187.5,187.5,187.3000030517578,187.3000030517578
2025-07-11,09:21:00,187.22999572753906,187.38999938964844,187.22999572753906,187.38999938964844
2025-07-11,09:22:00,187.38999938964844,187.39999389648438,187.32000732421875,187.32000732421875
2025-07-11,09:23:00,187.47000122070312,187.47000122070312,187.27000427246094,187.27000427246094
2025-07-11,09:24:00,187.33999633789062,187.33999633789062,187.33999633789062,187.33999633789062
2025-07-11,09:25:00,187.1999969482422,187.3000030517578,187.1999969482422,187.25
2025-07-11,09:26:00,187.25,187.25,187.1999969482422,187.1999969482422
2025-07-11,09:27:00,187.1999969482422,187.44000244140625,187.1999969482422,187.44000244140625
2025-07-11,09:28:00,187.38999938964844,187.38999938964844,186.92999267578125,186.92999267578125
2025-07-11,09:29:00,186.92999267578125,187.0,186.92999267578125,187.0
2025-07-11,09:30:00,187.0,187.1999969482422,187.0,187.0
2025-07-11,09:31:00,187.14999389648438,187.16000366210938,187.0399932861328,187.0399932861328
2025-07-11,09:32:00,187.0399932861328,187.0399932861328,186.92999267578125,187.00999450683594
2025-07-11,09:33:00,187.10000610351562,187.10000610351562,186.99000549316406,186.99000549316406
2025-07-11,09:34:00,186.99000549316406,187.0,186.89999389648438,186.91000366210938
2025-07-11,09:35:00,186.91000366210938,187.10000610351562,186.91000366210938,187.02999877929688
2025-07-11,09:36:00,187.02000427246094,187.02999877929688,186.89999389648438,187.02000427246094
2025-07-11,09:37:00,187.02999877929688,187.08999633789062,187.02999877929688,187.07000732421875
2025-07-11,09:38:00,187.07000732421875,187.1999969482422,187.0,187.17999267578125
2025-07-11,09:39:00,187.17999267578125,187.22999572753906,187.17999267578125,187.2100067138672
2025-07-11,09:40:00,187.1999969482422,187.1999969482422,187.08999633789062,187.1999969482422
2025-07-11,09:41:00,187.14999389648438,187.19000244140625,187.02999877929688,187.19000244140625
2025-07-11,09:42:00,187.08999633789062,187.1699981689453,186.9600067138672,187.0
2025-07-11,09:43:00,187.0,187.0,186.91000366210938,187.0
2025-07-11,09:44:00,186.89999389648438,186.89999389648438,186.7899932861328,186.85000610351562
2025-07-11,09:45:00,186.8699951171875,186.8699951171875,186.77999877929688,186.77999877929688
2025-07-11,09:46:00,186.75,186.75,186.60000610351562,186.74000549316406
2025-07-11,09:47:00,186.72999572753906,186.75,186.69000244140625,186.75
2025-07-11,09:48:00,186.74000549316406,186.8800048828125,186.69000244140625,186.86000061035156
2025-07-11,09:49:00,186.6999969482422,186.83999633789062,186.69000244140625,186.74000549316406
2025-07-11,09:50:00,186.8699951171875,186.9199981689453,186.8699951171875,186.91000366210938
2025-07-11,09:51:00,186.88999938964844,186.88999938964844,186.85000610351562,186.86000061035156
2025-07-11,09:52:00,186.85000610351562,186.86000061035156,186.7100067138672,186.7899932861328
2025-07-11,09:53:00,186.75999450683594,186.8000030517578,186.75999450683594,186.75999450683594
2025-07-11,09:54:00,186.72000122070312,186.75999450683594,186.72000122070312,186.75
2025-07-11,09:55:00,186.75999450683594,186.86000061035156,186.64999389648438,186.64999389648438
2025-07-11,09:56:00,186.6300048828125,186.6999969482422,186.60000610351562,186.6300048828125
2025-07-11,09:57:00,186.77999877929688,186.77999877929688,186.5,186.64999389648438
2025-07-11,09:58:00,186.77999877929688,186.8000030517578,186.77999877929688,186.8000030517578
2025-07-11,09:59:00,186.82000732421875,186.82000732421875,186.82000732421875,186.82000732421875
