Date,Time,Open,High,Low,Close
2023-07-31,09:15:00,263.8500061035156,272.1000061035156,263.8500061035156,267.54998779296875
2023-07-31,10:15:00,267.6499938964844,269.6499938964844,266.1000061035156,268.95001220703125
2023-07-31,11:15:00,269.0,269.8500061035156,267.95001220703125,269.25
2023-07-31,12:15:00,269.0,279.0,269.0,275.5
2023-07-31,13:15:00,275.5,278.0,274.5,275.95001220703125
2023-07-31,14:15:00,275.79998779296875,275.95001220703125,269.0,272.0
2023-07-31,15:15:00,271.8500061035156,274.0,271.04998779296875,272.8999938964844
2023-08-01,09:15:00,275.8999938964844,277.79998779296875,270.25,275.0
2023-08-01,10:15:00,275.20001220703125,279.0,272.3999938964844,273.54998779296875
2023-08-01,11:15:00,273.75,276.0,273.20001220703125,274.25
2023-08-01,12:15:00,274.5,275.6000061035156,273.54998779296875,273.8999938964844
2023-08-01,13:15:00,274.54998779296875,274.95001220703125,273.0,273.0
2023-08-01,14:15:00,273.0,281.5,273.0,279.25
2023-08-01,15:15:00,279.6499938964844,279.6499938964844,277.25,278.0
2023-08-02,09:15:00,285.0,285.0,263.1499938964844,276.5
2023-08-02,10:15:00,275.8500061035156,279.3500061035156,270.04998779296875,271.75
2023-08-02,11:15:00,271.25,271.70001220703125,267.29998779296875,268.95001220703125
2023-08-02,12:15:00,269.0,270.0,267.5,269.6499938964844
2023-08-02,13:15:00,269.5,269.79998779296875,263.04998779296875,264.6499938964844
2023-08-02,14:15:00,264.0,270.0,263.75,269.5
2023-08-02,15:15:00,269.5,274.29998779296875,267.6000061035156,272.54998779296875
2023-08-03,09:15:00,272.8999938964844,274.0,267.6000061035156,269.0
2023-08-03,10:15:00,269.0,274.0,267.0,273.5
2023-08-03,11:15:00,273.3500061035156,275.0,270.79998779296875,271.04998779296875
2023-08-03,12:15:00,271.04998779296875,271.04998779296875,268.0,269.04998779296875
2023-08-03,13:15:00,269.25,270.0,268.04998779296875,269.3999938964844
2023-08-03,14:15:00,269.45001220703125,272.6000061035156,269.1000061035156,269.45001220703125
2023-08-03,15:15:00,268.54998779296875,271.95001220703125,268.54998779296875,270.54998779296875
2023-08-04,09:15:00,273.6499938964844,275.0,271.29998779296875,273.70001220703125
2023-08-04,10:15:00,274.0,275.6000061035156,273.70001220703125,274.29998779296875
2023-08-04,11:15:00,274.29998779296875,275.20001220703125,273.79998779296875,274.0
2023-08-04,12:15:00,274.0,274.70001220703125,273.04998779296875,273.5
2023-08-04,13:15:00,273.1000061035156,274.29998779296875,271.04998779296875,273.20001220703125
2023-08-04,14:15:00,273.20001220703125,274.95001220703125,272.6000061035156,274.8999938964844
2023-08-04,15:15:00,274.54998779296875,275.1000061035156,274.1499938964844,274.45001220703125
2023-08-07,09:15:00,275.0,291.0,275.0,284.3999938964844
2023-08-07,10:15:00,284.6000061035156,288.0,284.6000061035156,285.8500061035156
2023-08-07,11:15:00,285.8999938964844,286.0,282.0,284.5
2023-08-07,12:15:00,284.0,289.70001220703125,283.25,287.45001220703125
2023-08-07,13:15:00,287.45001220703125,292.5,287.1000061035156,291.5
2023-08-07,14:15:00,291.79998779296875,291.95001220703125,286.5,287.5
2023-08-07,15:15:00,287.70001220703125,290.75,287.1000061035156,290.0
2023-08-08,09:15:00,293.6499938964844,301.95001220703125,293.1499938964844,296.0
2023-08-08,10:15:00,296.0,296.45001220703125,291.0,291.6000061035156
2023-08-08,11:15:00,291.1499938964844,294.04998779296875,289.04998779296875,293.8999938964844
2023-08-08,12:15:00,294.1000061035156,294.6499938964844,291.04998779296875,293.1499938964844
2023-08-08,13:15:00,292.75,294.04998779296875,292.6000061035156,293.0
2023-08-08,14:15:00,293.3999938964844,294.95001220703125,292.8999938964844,294.25
2023-08-08,15:15:00,294.75,295.70001220703125,293.20001220703125,294.45001220703125
2023-08-09,09:15:00,294.95001220703125,297.20001220703125,291.45001220703125,294.45001220703125
2023-08-09,10:15:00,294.29998779296875,294.54998779296875,291.0,293.5
2023-08-09,11:15:00,293.54998779296875,294.5,292.6499938964844,294.5
2023-08-09,12:15:00,294.1499938964844,294.1499938964844,289.25,293.3999938964844
2023-08-09,13:15:00,293.70001220703125,298.95001220703125,293.0,297.54998779296875
2023-08-09,14:15:00,297.1000061035156,302.70001220703125,295.75,302.70001220703125
2023-08-09,15:15:00,302.70001220703125,307.95001220703125,302.0,302.8500061035156
2023-08-10,09:15:00,304.75,310.0,304.75,309.3999938964844
2023-08-10,10:15:00,309.25,309.6499938964844,303.5,307.54998779296875
2023-08-10,11:15:00,307.95001220703125,309.0,306.04998779296875,307.0
2023-08-10,12:15:00,306.5,311.6000061035156,306.3500061035156,309.79998779296875
2023-08-10,13:15:00,309.25,310.5,305.6000061035156,306.8999938964844
2023-08-10,14:15:00,307.3500061035156,308.70001220703125,302.8500061035156,303.5
2023-08-10,15:15:00,302.8999938964844,306.25,302.6000061035156,302.6000061035156
2023-08-11,09:15:00,305.0,305.8500061035156,299.29998779296875,299.54998779296875
2023-08-11,10:15:00,299.8500061035156,299.95001220703125,293.0,295.5
2023-08-11,11:15:00,295.3500061035156,298.3500061035156,294.0,296.95001220703125
2023-08-11,12:15:00,296.25,296.45001220703125,294.04998779296875,294.79998779296875
2023-08-11,13:15:00,294.3500061035156,296.54998779296875,294.3500061035156,296.3500061035156
2023-08-11,14:15:00,296.70001220703125,297.79998779296875,295.0,296.3999938964844
2023-08-11,15:15:00,296.95001220703125,297.5,295.6499938964844,297.5
2023-08-14,09:15:00,296.0,317.1000061035156,290.0,313.8500061035156
2023-08-14,10:15:00,314.0,314.8500061035156,308.54998779296875,313.8500061035156
2023-08-14,11:15:00,313.6000061035156,315.70001220703125,312.1000061035156,315.04998779296875
2023-08-14,12:15:00,315.54998779296875,317.3500061035156,310.29998779296875,311.0
2023-08-14,13:15:00,311.0,311.3999938964844,302.0,304.8999938964844
2023-08-14,14:15:00,304.8999938964844,305.5,302.6000061035156,303.70001220703125
2023-08-14,15:15:00,303.70001220703125,307.0,302.79998779296875,306.70001220703125
2023-08-16,09:15:00,306.70001220703125,309.45001220703125,301.3500061035156,307.6499938964844
2023-08-16,10:15:00,307.70001220703125,311.6000061035156,307.1000061035156,309.8500061035156
2023-08-16,11:15:00,309.8500061035156,310.0,303.1000061035156,307.0
2023-08-16,12:15:00,306.20001220703125,306.8999938964844,304.70001220703125,306.0
2023-08-16,13:15:00,305.54998779296875,309.04998779296875,305.54998779296875,305.95001220703125
2023-08-16,14:15:00,306.0,308.8500061035156,305.04998779296875,305.54998779296875
2023-08-16,15:15:00,306.1499938964844,306.95001220703125,302.95001220703125,305.3999938964844
2023-08-17,09:15:00,307.45001220703125,309.5,304.6000061035156,305.8999938964844
2023-08-17,10:15:00,306.29998779296875,306.79998779296875,303.04998779296875,304.5
2023-08-17,11:15:00,303.79998779296875,305.04998779296875,303.1000061035156,303.8500061035156
2023-08-17,12:15:00,304.04998779296875,304.6499938964844,302.29998779296875,304.25
2023-08-17,13:15:00,303.75,305.04998779296875,303.25,304.95001220703125
2023-08-17,14:15:00,304.54998779296875,306.3500061035156,303.25,303.29998779296875
2023-08-17,15:15:00,303.5,306.8999938964844,303.25,304.3500061035156
2023-08-18,09:15:00,306.0,306.0,300.0,301.29998779296875
2023-08-18,10:15:00,301.8999938964844,307.8999938964844,301.6499938964844,303.54998779296875
2023-08-18,11:15:00,302.3500061035156,303.6499938964844,297.95001220703125,298.8500061035156
2023-08-18,12:15:00,299.5,305.29998779296875,298.29998779296875,304.6499938964844
2023-08-18,13:15:00,304.29998779296875,304.29998779296875,303.0,303.8500061035156
2023-08-18,14:15:00,303.79998779296875,307.0,303.3500061035156,303.70001220703125
2023-08-18,15:15:00,303.29998779296875,305.0,303.0,304.0
2023-08-21,09:15:00,311.95001220703125,318.0,305.95001220703125,308.0
2023-08-21,10:15:00,308.0,318.79998779296875,307.0,316.70001220703125
2023-08-21,11:15:00,316.6000061035156,317.0,314.1499938964844,315.6000061035156
2023-08-21,12:15:00,315.54998779296875,316.0,313.0,314.0
2023-08-21,13:15:00,314.0,315.0,314.0,314.5
2023-08-21,14:15:00,314.5,316.0,313.95001220703125,315.3500061035156
2023-08-21,15:15:00,315.3500061035156,316.0,314.54998779296875,315.8999938964844
2023-08-22,09:15:00,317.1000061035156,317.1000061035156,311.1000061035156,313.0
2023-08-22,10:15:00,312.8999938964844,316.0,312.70001220703125,315.0
2023-08-22,11:15:00,314.6000061035156,315.0,313.0,313.5
2023-08-22,12:15:00,313.29998779296875,314.8999938964844,313.0,313.20001220703125
2023-08-22,13:15:00,313.1000061035156,313.5,309.8500061035156,311.20001220703125
2023-08-22,14:15:00,311.20001220703125,311.6499938964844,309.04998779296875,311.0
2023-08-22,15:15:00,311.1499938964844,313.95001220703125,311.0,313.75
2023-08-23,09:15:00,310.1000061035156,313.45001220703125,309.1000061035156,310.3999938964844
2023-08-23,10:15:00,310.3999938964844,312.3999938964844,309.29998779296875,311.20001220703125
2023-08-23,11:15:00,310.79998779296875,316.0,309.04998779296875,314.25
2023-08-23,12:15:00,314.5,315.04998779296875,312.45001220703125,313.5
2023-08-23,13:15:00,313.54998779296875,313.54998779296875,311.0,311.95001220703125
2023-08-23,14:15:00,311.6499938964844,312.5,310.75,310.95001220703125
2023-08-23,15:15:00,310.6499938964844,311.29998779296875,310.20001220703125,311.0
2023-08-24,09:15:00,313.20001220703125,315.95001220703125,310.79998779296875,312.29998779296875
2023-08-24,10:15:00,312.25,312.45001220703125,309.0,310.8500061035156
2023-08-24,11:15:00,310.8500061035156,310.95001220703125,309.45001220703125,310.04998779296875
2023-08-24,12:15:00,310.1000061035156,311.8999938964844,310.0,311.0
2023-08-24,13:15:00,311.20001220703125,311.20001220703125,308.5,309.45001220703125
2023-08-24,14:15:00,309.8999938964844,310.25,305.54998779296875,307.29998779296875
2023-08-24,15:15:00,306.54998779296875,308.29998779296875,304.79998779296875,308.1000061035156
2023-08-25,09:15:00,308.1499938964844,310.5,307.45001220703125,308.6499938964844
2023-08-25,10:15:00,308.54998779296875,309.29998779296875,304.20001220703125,306.0
2023-08-25,11:15:00,306.25,308.6499938964844,305.6000061035156,307.1000061035156
2023-08-25,12:15:00,307.1499938964844,307.45001220703125,306.04998779296875,307.45001220703125
2023-08-25,13:15:00,307.45001220703125,307.45001220703125,304.54998779296875,305.79998779296875
2023-08-25,14:15:00,305.70001220703125,306.04998779296875,302.8999938964844,303.0
2023-08-25,15:15:00,303.25,306.1000061035156,302.3500061035156,304.5
2023-08-28,09:15:00,306.95001220703125,309.1000061035156,302.75,303.95001220703125
2023-08-28,10:15:00,303.8999938964844,304.70001220703125,301.0,301.0
2023-08-28,11:15:00,301.95001220703125,303.6499938964844,301.0,303.45001220703125
2023-08-28,12:15:00,303.6499938964844,304.5,302.3500061035156,303.04998779296875
2023-08-28,13:15:00,302.95001220703125,304.0,302.5,303.1499938964844
2023-08-28,14:15:00,303.5,304.3500061035156,302.75,304.1499938964844
2023-08-28,15:15:00,304.04998779296875,304.8999938964844,303.0,304.8999938964844
2023-08-29,09:15:00,305.95001220703125,308.1499938964844,301.1000061035156,303.0
2023-08-29,10:15:00,303.0,304.8999938964844,301.20001220703125,304.8999938964844
2023-08-29,11:15:00,304.95001220703125,307.5,303.45001220703125,304.75
2023-08-29,12:15:00,304.6499938964844,304.6499938964844,303.0,303.45001220703125
2023-08-29,13:15:00,303.5,304.20001220703125,302.0,303.6499938964844
2023-08-29,14:15:00,303.8500061035156,304.0,299.1000061035156,300.1499938964844
2023-08-29,15:15:00,300.45001220703125,302.70001220703125,299.8500061035156,300.3999938964844
2023-08-30,09:15:00,301.6499938964844,304.75,301.6499938964844,303.8500061035156
2023-08-30,10:15:00,303.04998779296875,303.54998779296875,300.04998779296875,301.8500061035156
2023-08-30,11:15:00,301.8500061035156,303.75,301.3500061035156,303.45001220703125
2023-08-30,12:15:00,303.3999938964844,304.3500061035156,302.04998779296875,302.95001220703125
2023-08-30,13:15:00,302.95001220703125,304.54998779296875,302.04998779296875,302.45001220703125
2023-08-30,14:15:00,302.3999938964844,302.3999938964844,295.70001220703125,299.5
2023-08-30,15:15:00,299.29998779296875,300.0,297.04998779296875,299.1499938964844
2023-08-31,09:15:00,300.3999938964844,305.70001220703125,299.3500061035156,300.54998779296875
2023-08-31,10:15:00,300.54998779296875,301.0,297.8999938964844,299.5
2023-08-31,11:15:00,299.95001220703125,300.0,298.75,299.79998779296875
2023-08-31,12:15:00,299.79998779296875,300.0,298.1000061035156,299.3500061035156
2023-08-31,13:15:00,299.79998779296875,299.79998779296875,297.8500061035156,298.45001220703125
2023-08-31,14:15:00,298.45001220703125,299.25,295.04998779296875,297.5
2023-08-31,15:15:00,297.25,303.0,297.0,298.04998779296875
2023-09-01,09:15:00,299.3999938964844,302.5,296.95001220703125,299.6000061035156
2023-09-01,10:15:00,298.20001220703125,299.29998779296875,297.25,298.45001220703125
2023-09-01,11:15:00,298.5,298.5,295.20001220703125,296.8999938964844
2023-09-01,12:15:00,296.8999938964844,300.0,296.3999938964844,298.0
2023-09-01,13:15:00,297.5,298.79998779296875,297.1000061035156,298.5
2023-09-01,14:15:00,298.75,300.0,297.1000061035156,299.1499938964844
2023-09-01,15:15:00,299.1499938964844,301.5,298.25,299.6000061035156
2023-09-04,09:15:00,303.75,304.79998779296875,297.8999938964844,301.0
2023-09-04,10:15:00,300.70001220703125,301.1499938964844,298.6499938964844,299.8999938964844
2023-09-04,11:15:00,299.6499938964844,300.6499938964844,298.5,299.6499938964844
2023-09-04,12:15:00,299.04998779296875,302.8999938964844,299.04998779296875,300.20001220703125
2023-09-04,13:15:00,300.75,300.8999938964844,296.5,296.75
2023-09-04,14:15:00,296.79998779296875,298.75,296.0,297.79998779296875
2023-09-04,15:15:00,297.29998779296875,300.5,297.20001220703125,298.95001220703125
2023-09-05,09:15:00,301.79998779296875,313.45001220703125,300.6000061035156,309.8500061035156
2023-09-05,10:15:00,310.25,310.25,306.0,308.29998779296875
2023-09-05,11:15:00,308.6499938964844,317.70001220703125,308.6499938964844,314.70001220703125
2023-09-05,12:15:00,315.3500061035156,315.3500061035156,308.25,310.5
2023-09-05,13:15:00,310.5,310.8999938964844,306.6499938964844,307.5
2023-09-05,14:15:00,307.5,307.5,303.29998779296875,305.0
2023-09-05,15:15:00,304.5,306.0,304.25,305.20001220703125
2023-09-06,09:15:00,306.79998779296875,307.3500061035156,299.45001220703125,302.25
2023-09-06,10:15:00,302.25,302.45001220703125,299.20001220703125,299.70001220703125
2023-09-06,11:15:00,299.75,301.0,298.1000061035156,298.20001220703125
2023-09-06,12:15:00,298.8999938964844,300.0,296.29998779296875,297.79998779296875
2023-09-06,13:15:00,297.79998779296875,300.0,296.5,299.3500061035156
2023-09-06,14:15:00,299.0,299.6499938964844,296.0,297.20001220703125
2023-09-06,15:15:00,296.54998779296875,299.6499938964844,296.0,297.6499938964844
2023-09-07,09:15:00,299.70001220703125,301.25,285.54998779296875,292.54998779296875
2023-09-07,10:15:00,292.20001220703125,297.75,291.75,297.6000061035156
2023-09-07,11:15:00,297.5,298.25,296.0,298.04998779296875
2023-09-07,12:15:00,297.95001220703125,299.29998779296875,296.0,297.5
2023-09-07,13:15:00,297.5,297.8999938964844,296.04998779296875,296.04998779296875
2023-09-07,14:15:00,296.25,298.95001220703125,296.0,298.3500061035156
2023-09-07,15:15:00,298.54998779296875,300.6000061035156,298.1000061035156,299.79998779296875
2023-09-08,09:15:00,301.0,303.6000061035156,296.3999938964844,299.70001220703125
2023-09-08,10:15:00,299.25,299.6000061035156,297.1000061035156,297.95001220703125
2023-09-08,11:15:00,297.5,304.95001220703125,297.04998779296875,298.75
2023-09-08,12:15:00,298.70001220703125,299.04998779296875,297.8999938964844,298.5
2023-09-08,13:15:00,298.04998779296875,298.5,295.0,295.8999938964844
2023-09-08,14:15:00,295.95001220703125,296.8500061035156,295.29998779296875,295.95001220703125
2023-09-08,15:15:00,295.8500061035156,297.5,294.0,296.0
2023-09-11,09:15:00,298.25,302.70001220703125,295.75,297.20001220703125
2023-09-11,10:15:00,296.8500061035156,301.0,296.8500061035156,300.20001220703125
2023-09-11,11:15:00,299.6000061035156,301.6000061035156,299.54998779296875,300.04998779296875
2023-09-11,12:15:00,300.29998779296875,307.70001220703125,300.29998779296875,303.45001220703125
2023-09-11,13:15:00,303.54998779296875,306.29998779296875,299.20001220703125,301.6499938964844
2023-09-11,14:15:00,301.5,303.25,298.75,299.1499938964844
2023-09-11,15:15:00,299.04998779296875,301.8999938964844,299.0,299.70001220703125
2023-09-12,09:15:00,300.0,311.75,288.0,295.1000061035156
2023-09-12,10:15:00,294.45001220703125,296.5,291.8999938964844,295.6499938964844
2023-09-12,11:15:00,295.0,295.3999938964844,290.04998779296875,291.04998779296875
2023-09-12,12:15:00,290.70001220703125,291.1000061035156,285.79998779296875,288.20001220703125
2023-09-12,13:15:00,288.1499938964844,290.0,287.6499938964844,288.5
2023-09-12,14:15:00,288.1499938964844,292.25,288.0,290.04998779296875
2023-09-12,15:15:00,290.20001220703125,290.25,287.0,287.0
2023-09-13,09:15:00,291.70001220703125,291.70001220703125,282.54998779296875,287.45001220703125
2023-09-13,10:15:00,287.3999938964844,289.0,286.29998779296875,289.0
2023-09-13,11:15:00,289.0,295.95001220703125,289.0,294.04998779296875
2023-09-13,12:15:00,294.0,297.95001220703125,292.79998779296875,294.0
2023-09-13,13:15:00,294.04998779296875,297.95001220703125,293.54998779296875,297.0
2023-09-13,14:15:00,296.8999938964844,297.6000061035156,293.5,295.0
2023-09-13,15:15:00,295.0,295.45001220703125,293.5,295.0
2023-09-14,09:15:00,295.3500061035156,300.0,295.3500061035156,297.1000061035156
2023-09-14,10:15:00,297.5,299.45001220703125,296.70001220703125,298.5
2023-09-14,11:15:00,298.3500061035156,299.0,296.95001220703125,297.1000061035156
2023-09-14,12:15:00,297.1000061035156,297.75,295.5,296.70001220703125
2023-09-14,13:15:00,296.8999938964844,297.45001220703125,295.8999938964844,296.04998779296875
2023-09-14,14:15:00,296.3999938964844,297.3999938964844,296.1000061035156,296.5
2023-09-14,15:15:00,296.25,297.5,296.20001220703125,297.0
2023-09-15,09:15:00,298.0,298.0,295.75,297.3999938964844
2023-09-15,10:15:00,297.6000061035156,307.1000061035156,296.1000061035156,299.3500061035156
2023-09-15,11:15:00,299.25,300.20001220703125,295.3999938964844,295.3999938964844
2023-09-15,12:15:00,294.5,296.6000061035156,293.5,296.25
2023-09-15,13:15:00,296.25,297.3500061035156,295.79998779296875,296.0
2023-09-15,14:15:00,295.6499938964844,296.0,293.0,295.0
2023-09-15,15:15:00,294.5,294.5,293.04998779296875,294.0
2023-09-18,09:15:00,296.20001220703125,298.1499938964844,293.3999938964844,294.0
2023-09-18,10:15:00,293.5,293.8999938964844,291.3500061035156,292.04998779296875
2023-09-18,11:15:00,292.54998779296875,292.70001220703125,290.1000061035156,291.5
2023-09-18,12:15:00,291.5,291.79998779296875,290.04998779296875,290.8999938964844
2023-09-18,13:15:00,290.8500061035156,291.0,288.0,288.6499938964844
2023-09-18,14:15:00,288.8999938964844,288.8999938964844,286.3999938964844,287.8500061035156
2023-09-18,15:15:00,287.79998779296875,288.0,287.0,287.6499938964844
2023-09-20,09:15:00,286.54998779296875,288.1000061035156,282.1000061035156,282.95001220703125
2023-09-20,10:15:00,283.0,302.0,281.6000061035156,297.29998779296875
2023-09-20,11:15:00,297.0,298.3999938964844,295.0,295.3500061035156
2023-09-20,12:15:00,294.5,297.29998779296875,292.79998779296875,296.0
2023-09-20,13:15:00,296.0,296.45001220703125,293.5,293.6000061035156
2023-09-20,14:15:00,293.0,295.79998779296875,292.8500061035156,295.79998779296875
2023-09-20,15:15:00,295.8500061035156,298.1000061035156,294.3500061035156,296.75
2023-09-21,09:15:00,296.0,297.6000061035156,292.0,292.0
2023-09-21,10:15:00,292.6000061035156,294.29998779296875,291.0,293.5
2023-09-21,11:15:00,293.25,296.6000061035156,292.0,294.04998779296875
2023-09-21,12:15:00,294.1000061035156,294.5,290.1000061035156,290.5
2023-09-21,13:15:00,290.54998779296875,292.25,290.1000061035156,291.54998779296875
2023-09-21,14:15:00,291.95001220703125,291.95001220703125,285.8999938964844,286.29998779296875
2023-09-21,15:15:00,286.29998779296875,289.3500061035156,285.6000061035156,287.1000061035156
2023-09-22,09:15:00,289.3999938964844,291.6499938964844,286.25,290.45001220703125
2023-09-22,10:15:00,290.45001220703125,292.5,289.25,291.3500061035156
2023-09-22,11:15:00,291.3500061035156,291.8999938964844,289.70001220703125,290.3999938964844
2023-09-22,12:15:00,290.54998779296875,293.0,290.04998779296875,290.8999938964844
2023-09-22,13:15:00,290.8999938964844,292.45001220703125,290.6499938964844,291.54998779296875
2023-09-22,14:15:00,291.8500061035156,295.0,285.0,287.0
2023-09-22,15:15:00,287.0,289.45001220703125,286.6499938964844,288.20001220703125
2023-09-25,09:15:00,287.6000061035156,288.79998779296875,283.0,283.5
2023-09-25,10:15:00,283.0,283.8500061035156,282.25,282.5
2023-09-25,11:15:00,282.3999938964844,283.79998779296875,281.5,282.1499938964844
2023-09-25,12:15:00,282.3999938964844,284.3999938964844,282.3999938964844,283.5
2023-09-25,13:15:00,283.1499938964844,283.5,282.0,282.95001220703125
2023-09-25,14:15:00,282.8500061035156,283.8999938964844,282.8500061035156,283.79998779296875
2023-09-25,15:15:00,283.3500061035156,283.3500061035156,281.0,282.3500061035156
2023-09-26,09:15:00,282.95001220703125,286.1000061035156,282.6499938964844,284.75
2023-09-26,10:15:00,284.20001220703125,287.5,281.8500061035156,287.0
2023-09-26,11:15:00,287.0,290.3500061035156,286.20001220703125,286.25
2023-09-26,12:15:00,286.25,289.79998779296875,285.70001220703125,289.79998779296875
2023-09-26,13:15:00,289.54998779296875,291.54998779296875,286.0,289.95001220703125
2023-09-26,14:15:00,289.8999938964844,292.1000061035156,289.29998779296875,291.45001220703125
2023-09-26,15:15:00,291.5,293.0,290.3999938964844,290.79998779296875
2023-09-27,09:15:00,290.29998779296875,291.20001220703125,287.04998779296875,287.1499938964844
2023-09-27,10:15:00,287.54998779296875,288.29998779296875,286.25,287.45001220703125
2023-09-27,11:15:00,286.8999938964844,288.95001220703125,286.8999938964844,288.3999938964844
2023-09-27,12:15:00,288.45001220703125,294.95001220703125,288.29998779296875,292.3999938964844
2023-09-27,13:15:00,292.3999938964844,294.3500061035156,291.6000061035156,293.8999938964844
2023-09-27,14:15:00,293.8500061035156,294.6499938964844,291.5,293.6000061035156
2023-09-27,15:15:00,293.1000061035156,294.5,293.0,293.0
2023-09-28,09:15:00,294.95001220703125,295.04998779296875,291.6499938964844,291.6499938964844
2023-09-28,10:15:00,291.8999938964844,292.0,290.04998779296875,290.04998779296875
2023-09-28,11:15:00,290.25,290.3500061035156,289.1000061035156,289.25
2023-09-28,12:15:00,289.0,289.8999938964844,285.3500061035156,286.3500061035156
2023-09-28,13:15:00,286.6499938964844,286.79998779296875,284.3500061035156,285.29998779296875
2023-09-28,14:15:00,285.29998779296875,285.79998779296875,279.25,280.3999938964844
2023-09-28,15:15:00,280.3999938964844,280.95001220703125,278.1499938964844,278.8999938964844
2023-09-29,09:15:00,282.45001220703125,285.8500061035156,282.25,285.04998779296875
2023-09-29,10:15:00,285.75,285.79998779296875,282.6000061035156,284.0
2023-09-29,11:15:00,283.95001220703125,283.95001220703125,279.95001220703125,281.5
2023-09-29,12:15:00,281.54998779296875,282.45001220703125,280.1499938964844,282.1000061035156
2023-09-29,13:15:00,282.20001220703125,282.20001220703125,281.20001220703125,281.95001220703125
2023-09-29,14:15:00,281.20001220703125,281.70001220703125,279.5,280.3999938964844
2023-09-29,15:15:00,279.6499938964844,281.0,279.54998779296875,280.04998779296875
2023-10-03,09:15:00,281.0,281.95001220703125,271.8999938964844,273.8500061035156
2023-10-03,10:15:00,274.20001220703125,278.75,274.1000061035156,277.0
2023-10-03,11:15:00,277.20001220703125,277.79998779296875,274.0,274.8500061035156
2023-10-03,12:15:00,274.29998779296875,275.0,273.8500061035156,274.79998779296875
2023-10-03,13:15:00,274.70001220703125,275.6000061035156,274.29998779296875,275.3999938964844
2023-10-03,14:15:00,275.3999938964844,275.3999938964844,274.04998779296875,274.75
2023-10-03,15:15:00,274.75,275.3500061035156,274.0,274.0
2023-10-04,09:15:00,274.29998779296875,277.95001220703125,273.25,277.04998779296875
2023-10-04,10:15:00,277.29998779296875,277.54998779296875,275.6000061035156,276.3999938964844
2023-10-04,11:15:00,276.45001220703125,276.45001220703125,272.29998779296875,273.3999938964844
2023-10-04,12:15:00,273.6499938964844,275.79998779296875,272.3999938964844,273.8999938964844
2023-10-04,13:15:00,273.6499938964844,274.1499938964844,271.1499938964844,272.29998779296875
2023-10-04,14:15:00,272.04998779296875,273.0,271.3500061035156,272.6499938964844
2023-10-04,15:15:00,272.6499938964844,273.75,272.0,273.0
2023-10-05,09:15:00,275.70001220703125,280.6000061035156,273.20001220703125,273.25
2023-10-05,10:15:00,273.95001220703125,275.04998779296875,273.25,273.79998779296875
2023-10-05,11:15:00,273.79998779296875,274.1000061035156,273.0,273.6000061035156
2023-10-05,12:15:00,273.6499938964844,273.6499938964844,271.5,271.95001220703125
2023-10-05,13:15:00,271.95001220703125,273.5,271.95001220703125,273.25
2023-10-05,14:15:00,273.45001220703125,273.45001220703125,271.75,271.75
2023-10-05,15:15:00,271.75,272.45001220703125,270.6000061035156,271.29998779296875
2023-10-06,09:15:00,274.3500061035156,274.95001220703125,270.75,272.20001220703125
2023-10-06,10:15:00,272.29998779296875,274.29998779296875,271.5,272.79998779296875
2023-10-06,11:15:00,272.3999938964844,272.79998779296875,271.20001220703125,272.04998779296875
2023-10-06,12:15:00,272.04998779296875,279.75,271.70001220703125,275.5
2023-10-06,13:15:00,275.25,279.0,275.25,277.70001220703125
2023-10-06,14:15:00,278.0,279.6000061035156,276.3500061035156,276.8500061035156
2023-10-06,15:15:00,276.6000061035156,278.75,276.3999938964844,278.54998779296875
2023-10-09,09:15:00,275.0,275.0,268.75,271.95001220703125
2023-10-09,10:15:00,271.95001220703125,272.0,268.20001220703125,270.0
2023-10-09,11:15:00,270.0,271.8500061035156,269.6000061035156,270.6499938964844
2023-10-09,12:15:00,270.3999938964844,270.45001220703125,268.54998779296875,268.54998779296875
2023-10-09,13:15:00,269.1499938964844,270.0,268.1499938964844,269.29998779296875
2023-10-09,14:15:00,269.79998779296875,269.95001220703125,268.45001220703125,268.45001220703125
2023-10-09,15:15:00,268.70001220703125,269.25,268.3500061035156,268.6000061035156
2023-10-10,09:15:00,270.5,273.3999938964844,270.0,270.0
2023-10-10,10:15:00,270.29998779296875,273.0,269.04998779296875,272.70001220703125
2023-10-10,11:15:00,272.6499938964844,273.75,272.0,273.0
2023-10-10,12:15:00,273.0,273.0,270.1499938964844,270.8999938964844
2023-10-10,13:15:00,270.8999938964844,273.1499938964844,270.8999938964844,272.79998779296875
2023-10-10,14:15:00,272.79998779296875,273.1499938964844,272.45001220703125,272.6499938964844
2023-10-10,15:15:00,272.3500061035156,274.0,271.04998779296875,272.6499938964844
2023-10-11,09:15:00,297.0,297.0,284.5,286.3500061035156
2023-10-11,10:15:00,286.29998779296875,286.3999938964844,283.6000061035156,285.0
2023-10-11,11:15:00,284.6000061035156,285.5,283.1000061035156,284.0
2023-10-11,12:15:00,283.8500061035156,286.1499938964844,282.79998779296875,284.45001220703125
2023-10-11,13:15:00,284.6499938964844,294.0,284.04998779296875,290.45001220703125
2023-10-11,14:15:00,290.45001220703125,290.75,287.20001220703125,287.5
2023-10-11,15:15:00,287.5,290.5,286.54998779296875,289.0
2023-10-12,09:15:00,291.3500061035156,296.20001220703125,286.25,288.1499938964844
2023-10-12,10:15:00,288.5,290.0,286.8999938964844,287.45001220703125
2023-10-12,11:15:00,287.79998779296875,288.25,286.8999938964844,287.6000061035156
2023-10-12,12:15:00,287.95001220703125,288.1000061035156,285.45001220703125,286.5
2023-10-12,13:15:00,286.3500061035156,286.70001220703125,282.8500061035156,284.8500061035156
2023-10-12,14:15:00,285.04998779296875,285.5,279.79998779296875,280.8500061035156
2023-10-12,15:15:00,280.5,282.8999938964844,280.0,280.8500061035156
2023-10-13,09:15:00,281.1000061035156,284.54998779296875,280.8999938964844,282.95001220703125
2023-10-13,10:15:00,283.29998779296875,283.5,280.95001220703125,282.0
2023-10-13,11:15:00,282.54998779296875,283.70001220703125,282.0,282.5
2023-10-13,12:15:00,282.5,282.5,278.54998779296875,279.45001220703125
2023-10-13,13:15:00,279.5,280.75,278.6000061035156,279.70001220703125
2023-10-13,14:15:00,279.70001220703125,280.04998779296875,277.95001220703125,278.0
2023-10-13,15:15:00,277.8500061035156,281.0,277.70001220703125,278.25
2023-10-16,09:15:00,278.45001220703125,284.0,277.95001220703125,281.54998779296875
2023-10-16,10:15:00,280.8999938964844,281.5,278.6499938964844,279.79998779296875
2023-10-16,11:15:00,280.0,281.20001220703125,279.1499938964844,280.04998779296875
2023-10-16,12:15:00,279.95001220703125,281.0,279.1000061035156,280.20001220703125
2023-10-16,13:15:00,280.5,280.5,277.79998779296875,278.3500061035156
2023-10-16,14:15:00,278.3500061035156,280.0,278.0,279.1499938964844
2023-10-16,15:15:00,279.70001220703125,281.20001220703125,279.1000061035156,280.29998779296875
2023-10-17,09:15:00,281.0,287.70001220703125,281.0,286.25
2023-10-17,10:15:00,286.25,291.0,286.20001220703125,288.29998779296875
2023-10-17,11:15:00,288.29998779296875,295.29998779296875,287.95001220703125,294.3500061035156
2023-10-17,12:15:00,294.29998779296875,294.29998779296875,292.1000061035156,293.0
2023-10-17,13:15:00,293.0,294.04998779296875,291.1000061035156,293.0
2023-10-17,14:15:00,293.0,294.0,291.45001220703125,293.20001220703125
2023-10-17,15:15:00,293.1499938964844,293.95001220703125,291.75,293.04998779296875
2023-10-18,09:15:00,292.95001220703125,294.04998779296875,290.6499938964844,292.95001220703125
2023-10-18,10:15:00,292.95001220703125,293.3500061035156,288.29998779296875,288.3500061035156
2023-10-18,11:15:00,288.25,290.95001220703125,288.20001220703125,288.3999938964844
2023-10-18,12:15:00,288.75,290.79998779296875,288.5,288.70001220703125
2023-10-18,13:15:00,288.70001220703125,289.95001220703125,287.75,288.75
2023-10-18,14:15:00,288.79998779296875,289.45001220703125,287.0,287.45001220703125
2023-10-18,15:15:00,286.5,291.8999938964844,286.5,291.6499938964844
2023-10-19,09:15:00,292.0,299.1000061035156,291.04998779296875,296.0
2023-10-19,10:15:00,296.3999938964844,299.95001220703125,296.29998779296875,297.79998779296875
2023-10-19,11:15:00,297.79998779296875,299.5,296.5,297.54998779296875
2023-10-19,12:15:00,297.45001220703125,299.0,296.6499938964844,298.95001220703125
2023-10-19,13:15:00,298.6000061035156,299.29998779296875,296.5,297.1499938964844
2023-10-19,14:15:00,296.6499938964844,296.8500061035156,293.04998779296875,293.20001220703125
2023-10-19,15:15:00,293.75,296.04998779296875,293.20001220703125,294.0
2023-10-20,09:15:00,296.0,297.0,290.0,291.75
2023-10-20,10:15:00,291.29998779296875,291.29998779296875,288.1000061035156,290.0
2023-10-20,11:15:00,289.79998779296875,290.0,288.1000061035156,288.29998779296875
2023-10-20,12:15:00,287.6000061035156,288.0,285.6000061035156,286.25
2023-10-20,13:15:00,286.25,287.25,286.1499938964844,287.25
2023-10-20,14:15:00,287.25,288.79998779296875,286.0,287.70001220703125
2023-10-20,15:15:00,287.8500061035156,288.6000061035156,286.3500061035156,287.29998779296875
2023-10-23,09:15:00,288.0,295.0,286.04998779296875,286.5
2023-10-23,10:15:00,286.25,289.75,282.04998779296875,289.75
2023-10-23,11:15:00,289.75,293.95001220703125,289.29998779296875,292.20001220703125
2023-10-23,12:15:00,291.1499938964844,292.1000061035156,286.04998779296875,286.8999938964844
2023-10-23,13:15:00,286.95001220703125,290.75,285.45001220703125,289.29998779296875
2023-10-23,14:15:00,288.3999938964844,289.20001220703125,280.3999938964844,281.29998779296875
2023-10-23,15:15:00,282.8999938964844,282.8999938964844,279.1000061035156,281.5
2023-10-25,09:15:00,283.5,298.8999938964844,283.5,289.6000061035156
2023-10-25,10:15:00,290.0,290.70001220703125,285.25,285.45001220703125
2023-10-25,11:15:00,285.70001220703125,289.95001220703125,284.8999938964844,286.29998779296875
2023-10-25,12:15:00,286.20001220703125,287.3500061035156,281.1499938964844,281.1499938964844
2023-10-25,13:15:00,281.5,289.0,281.0,288.5
2023-10-25,14:15:00,288.8999938964844,290.6000061035156,288.29998779296875,289.75
2023-10-25,15:15:00,289.6000061035156,291.0,288.20001220703125,290.0
2023-10-26,09:15:00,293.8999938964844,293.8999938964844,275.04998779296875,280.8999938964844
2023-10-26,10:15:00,280.8500061035156,283.54998779296875,277.20001220703125,280.79998779296875
2023-10-26,11:15:00,280.1499938964844,283.0,279.0,281.70001220703125
2023-10-26,12:15:00,281.04998779296875,293.8999938964844,281.04998779296875,290.1499938964844
2023-10-26,13:15:00,290.1499938964844,293.95001220703125,288.1499938964844,289.8500061035156
2023-10-26,14:15:00,290.3999938964844,294.8999938964844,289.8999938964844,292.04998779296875
2023-10-26,15:15:00,292.45001220703125,298.0,289.04998779296875,293.79998779296875
2023-10-27,09:15:00,303.25,310.29998779296875,298.0,302.1499938964844
2023-10-27,10:15:00,302.5,304.0,301.1000061035156,303.0
2023-10-27,11:15:00,303.1000061035156,303.6000061035156,300.3999938964844,301.79998779296875
2023-10-27,12:15:00,301.79998779296875,303.0,299.95001220703125,301.0
2023-10-27,13:15:00,301.0,310.8999938964844,299.75,305.75
2023-10-27,14:15:00,305.25,307.70001220703125,304.0,304.20001220703125
2023-10-27,15:15:00,304.20001220703125,305.54998779296875,302.3500061035156,304.0
2023-10-30,09:15:00,306.70001220703125,308.29998779296875,302.5,302.70001220703125
2023-10-30,10:15:00,303.0,303.1499938964844,300.45001220703125,301.3999938964844
2023-10-30,11:15:00,301.29998779296875,301.5,298.3500061035156,299.0
2023-10-30,12:15:00,299.04998779296875,300.1000061035156,297.04998779296875,299.45001220703125
2023-10-30,13:15:00,299.3999938964844,301.45001220703125,297.70001220703125,297.70001220703125
2023-10-30,14:15:00,297.29998779296875,298.20001220703125,290.70001220703125,293.54998779296875
2023-10-30,15:15:00,292.5,294.54998779296875,288.70001220703125,292.8500061035156
2023-10-31,09:15:00,293.54998779296875,296.70001220703125,287.54998779296875,289.54998779296875
2023-10-31,10:15:00,289.54998779296875,290.3500061035156,286.5,289.0
2023-10-31,11:15:00,289.1499938964844,291.04998779296875,288.54998779296875,289.3999938964844
2023-10-31,12:15:00,289.1499938964844,289.8999938964844,289.0,289.04998779296875
2023-10-31,13:15:00,289.5,290.0,289.1000061035156,290.0
2023-10-31,14:15:00,289.95001220703125,290.0,288.29998779296875,289.04998779296875
2023-10-31,15:15:00,288.79998779296875,290.0,287.04998779296875,288.3500061035156
2023-11-01,09:15:00,290.5,290.5,286.70001220703125,290.1000061035156
2023-11-01,10:15:00,290.5,292.04998779296875,288.04998779296875,289.1499938964844
2023-11-01,11:15:00,288.1000061035156,288.95001220703125,287.29998779296875,288.29998779296875
2023-11-01,12:15:00,288.3500061035156,289.1499938964844,284.29998779296875,284.6499938964844
2023-11-01,13:15:00,284.6499938964844,286.8999938964844,283.5,285.8500061035156
2023-11-01,14:15:00,285.8500061035156,286.1000061035156,284.0,284.95001220703125
2023-11-01,15:15:00,284.0,285.79998779296875,284.0,285.0
2023-11-02,09:15:00,288.54998779296875,288.95001220703125,286.0,286.54998779296875
2023-11-02,10:15:00,286.6499938964844,287.8999938964844,285.8999938964844,287.1499938964844
2023-11-02,11:15:00,287.1499938964844,298.3999938964844,287.1499938964844,294.45001220703125
2023-11-02,12:15:00,294.45001220703125,296.0,288.95001220703125,290.0
2023-11-02,13:15:00,289.6000061035156,292.5,288.79998779296875,289.6000061035156
2023-11-02,14:15:00,289.6499938964844,293.8999938964844,287.0,287.70001220703125
2023-11-02,15:15:00,287.70001220703125,290.3999938964844,286.54998779296875,287.6499938964844
2023-11-03,09:15:00,290.0,293.0,288.54998779296875,291.70001220703125
2023-11-03,10:15:00,291.79998779296875,292.6499938964844,291.25,292.1000061035156
2023-11-03,11:15:00,292.54998779296875,292.70001220703125,291.1499938964844,291.1499938964844
2023-11-03,12:15:00,291.8500061035156,292.3999938964844,291.0,291.95001220703125
2023-11-03,13:15:00,292.3999938964844,292.3999938964844,289.20001220703125,289.20001220703125
2023-11-03,14:15:00,289.5,291.0,289.20001220703125,289.95001220703125
2023-11-03,15:15:00,290.0,290.3999938964844,288.04998779296875,289.3999938964844
2023-11-06,09:15:00,292.6499938964844,292.6499938964844,281.25,283.95001220703125
2023-11-06,10:15:00,283.95001220703125,285.95001220703125,281.1000061035156,283.8999938964844
2023-11-06,11:15:00,283.95001220703125,286.95001220703125,282.6000061035156,286.6000061035156
2023-11-06,12:15:00,286.25,289.3999938964844,286.0,287.3500061035156
2023-11-06,13:15:00,287.3500061035156,288.04998779296875,286.1000061035156,287.5
2023-11-06,14:15:00,287.25,287.45001220703125,283.6499938964844,284.5
2023-11-06,15:15:00,283.95001220703125,284.75,283.04998779296875,284.45001220703125
2023-11-07,09:15:00,283.0,283.1000061035156,280.6000061035156,280.70001220703125
2023-11-07,10:15:00,281.04998779296875,282.1499938964844,279.04998779296875,281.0
2023-11-07,11:15:00,280.79998779296875,281.45001220703125,279.3500061035156,280.20001220703125
2023-11-07,12:15:00,280.0,280.95001220703125,277.04998779296875,277.75
2023-11-07,13:15:00,277.8999938964844,279.79998779296875,277.0,278.79998779296875
2023-11-07,14:15:00,278.6000061035156,279.0,275.0,277.79998779296875
2023-11-07,15:15:00,277.79998779296875,279.70001220703125,276.29998779296875,279.70001220703125
2023-11-08,09:15:00,279.8500061035156,282.0,278.1000061035156,281.45001220703125
2023-11-08,10:15:00,281.45001220703125,284.20001220703125,281.0,281.6499938964844
2023-11-08,11:15:00,280.6499938964844,283.79998779296875,280.6499938964844,282.70001220703125
2023-11-08,12:15:00,282.5,282.6000061035156,281.54998779296875,282.25
2023-11-08,13:15:00,282.79998779296875,284.8999938964844,282.79998779296875,284.29998779296875
2023-11-08,14:15:00,284.25,284.3999938964844,282.25,283.25
2023-11-08,15:15:00,283.75,284.5,282.5,283.6499938964844
2023-11-09,09:15:00,285.70001220703125,285.70001220703125,280.54998779296875,281.95001220703125
2023-11-09,10:15:00,281.29998779296875,282.1000061035156,281.0,282.1000061035156
2023-11-09,11:15:00,282.1000061035156,282.1000061035156,279.5,280.54998779296875
2023-11-09,12:15:00,280.8999938964844,280.8999938964844,279.0,279.0
2023-11-09,13:15:00,279.04998779296875,280.0,278.1499938964844,279.25
2023-11-09,14:15:00,279.6000061035156,279.6499938964844,277.5,278.70001220703125
2023-11-09,15:15:00,278.5,279.79998779296875,277.5,278.3999938964844
2023-11-10,09:15:00,277.8500061035156,279.5,276.3500061035156,277.04998779296875
2023-11-10,10:15:00,276.6000061035156,278.5,276.04998779296875,277.54998779296875
2023-11-10,11:15:00,277.20001220703125,279.3999938964844,277.0,278.8999938964844
2023-11-10,12:15:00,278.95001220703125,282.20001220703125,278.70001220703125,280.95001220703125
2023-11-10,13:15:00,281.20001220703125,283.54998779296875,280.75,282.25
2023-11-10,14:15:00,282.6000061035156,283.75,280.70001220703125,282.3500061035156
2023-11-10,15:15:00,282.0,283.8999938964844,282.0,283.8999938964844
2023-11-13,09:15:00,286.04998779296875,286.04998779296875,283.0,283.54998779296875
2023-11-13,10:15:00,283.54998779296875,283.75,282.04998779296875,283.45001220703125
2023-11-13,11:15:00,283.45001220703125,283.5,281.75,282.54998779296875
2023-11-13,12:15:00,282.54998779296875,283.20001220703125,282.5,282.75
2023-11-13,13:15:00,283.04998779296875,284.04998779296875,282.70001220703125,283.3999938964844
2023-11-13,14:15:00,283.70001220703125,284.3500061035156,283.3500061035156,283.70001220703125
2023-11-13,15:15:00,283.95001220703125,285.5,283.75,284.20001220703125
2023-11-15,09:15:00,288.95001220703125,288.95001220703125,285.0,286.5
2023-11-15,10:15:00,286.8999938964844,287.25,285.3999938964844,286.54998779296875
2023-11-15,11:15:00,286.8999938964844,287.8500061035156,286.25,287.3999938964844
2023-11-15,12:15:00,287.5,287.79998779296875,285.54998779296875,285.54998779296875
2023-11-15,13:15:00,285.8999938964844,285.8999938964844,284.6499938964844,285.0
2023-11-15,14:15:00,284.6499938964844,285.95001220703125,282.95001220703125,285.8999938964844
2023-11-15,15:15:00,285.45001220703125,285.45001220703125,283.8999938964844,284.8999938964844
2023-11-16,09:15:00,286.0,286.0,282.45001220703125,284.1000061035156
2023-11-16,10:15:00,283.6000061035156,283.6000061035156,281.0,281.3999938964844
2023-11-16,11:15:00,281.8500061035156,282.25,280.79998779296875,281.1000061035156
2023-11-16,12:15:00,281.20001220703125,283.45001220703125,280.29998779296875,283.0
2023-11-16,13:15:00,283.3500061035156,287.04998779296875,283.0,287.04998779296875
2023-11-16,14:15:00,287.3999938964844,287.3999938964844,283.0,284.0
2023-11-16,15:15:00,284.0,284.54998779296875,281.79998779296875,283.0
2023-11-17,09:15:00,275.0,278.75,267.95001220703125,278.0
2023-11-17,10:15:00,277.79998779296875,284.6000061035156,276.6499938964844,280.5
2023-11-17,11:15:00,280.5,280.75,275.54998779296875,276.1000061035156
2023-11-17,12:15:00,276.0,276.54998779296875,275.54998779296875,275.95001220703125
2023-11-17,13:15:00,275.8999938964844,276.45001220703125,275.3500061035156,276.29998779296875
2023-11-17,14:15:00,276.1499938964844,278.0,275.3999938964844,277.1000061035156
2023-11-17,15:15:00,277.3500061035156,277.79998779296875,275.0,276.6499938964844
2023-11-20,09:15:00,276.54998779296875,277.79998779296875,271.0,271.45001220703125
2023-11-20,10:15:00,271.45001220703125,271.45001220703125,268.04998779296875,268.95001220703125
2023-11-20,11:15:00,268.6499938964844,269.8999938964844,267.1000061035156,269.29998779296875
2023-11-20,12:15:00,269.29998779296875,269.95001220703125,268.20001220703125,269.70001220703125
2023-11-20,13:15:00,269.1000061035156,269.6499938964844,268.20001220703125,268.6000061035156
2023-11-20,14:15:00,268.70001220703125,269.75,268.20001220703125,268.25
2023-11-20,15:15:00,268.25,269.79998779296875,268.0,268.6000061035156
2023-11-21,09:15:00,270.45001220703125,270.5,265.29998779296875,267.5
2023-11-21,10:15:00,267.5,269.1499938964844,267.5,268.04998779296875
2023-11-21,11:15:00,267.54998779296875,267.6000061035156,265.75,266.5
2023-11-21,12:15:00,266.54998779296875,266.6499938964844,262.79998779296875,263.75
2023-11-21,13:15:00,263.79998779296875,265.1000061035156,262.95001220703125,264.3500061035156
2023-11-21,14:15:00,264.25,264.45001220703125,262.1499938964844,262.1499938964844
2023-11-21,15:15:00,262.6000061035156,263.29998779296875,261.0,262.29998779296875
2023-11-22,09:15:00,265.0,272.29998779296875,265.0,268.6000061035156
2023-11-22,10:15:00,269.5,276.0,269.0,273.3500061035156
2023-11-22,11:15:00,273.54998779296875,276.8999938964844,273.5,273.5
2023-11-22,12:15:00,273.3500061035156,273.45001220703125,270.1499938964844,271.3500061035156
2023-11-22,13:15:00,271.8500061035156,273.6000061035156,270.3999938964844,270.75
2023-11-22,14:15:00,270.75,273.54998779296875,269.95001220703125,270.1000061035156
2023-11-22,15:15:00,270.54998779296875,271.0,269.29998779296875,271.0
2023-11-23,09:15:00,271.04998779296875,271.95001220703125,266.54998779296875,266.8999938964844
2023-11-23,10:15:00,267.1000061035156,267.1000061035156,264.29998779296875,265.3500061035156
2023-11-23,11:15:00,265.70001220703125,267.0,264.0,264.70001220703125
2023-11-23,12:15:00,264.70001220703125,265.75,263.6499938964844,264.1000061035156
2023-11-23,13:15:00,264.1000061035156,265.3500061035156,263.6499938964844,265.3500061035156
2023-11-23,14:15:00,265.29998779296875,265.54998779296875,263.54998779296875,264.8500061035156
2023-11-23,15:15:00,264.79998779296875,265.1000061035156,263.25,264.79998779296875
2023-11-24,09:15:00,265.79998779296875,268.6499938964844,265.79998779296875,267.25
2023-11-24,10:15:00,267.25,267.70001220703125,266.5,266.54998779296875
2023-11-24,11:15:00,267.3500061035156,270.3500061035156,265.79998779296875,270.0
2023-11-24,12:15:00,270.0,270.20001220703125,268.3500061035156,268.3500061035156
2023-11-24,13:15:00,268.5,268.8999938964844,267.29998779296875,267.6499938964844
2023-11-24,14:15:00,268.1000061035156,268.8500061035156,267.75,268.0
2023-11-24,15:15:00,267.3999938964844,268.5,267.20001220703125,268.04998779296875
2023-11-28,09:15:00,268.04998779296875,272.0,268.04998779296875,269.25
2023-11-28,10:15:00,269.1499938964844,270.0,269.0,269.70001220703125
2023-11-28,11:15:00,269.70001220703125,272.25,269.6499938964844,271.04998779296875
2023-11-28,12:15:00,270.70001220703125,272.79998779296875,270.45001220703125,271.04998779296875
2023-11-28,13:15:00,271.1000061035156,272.25,270.95001220703125,272.1000061035156
2023-11-28,14:15:00,272.04998779296875,272.1499938964844,269.3500061035156,269.95001220703125
2023-11-28,15:15:00,269.54998779296875,272.0,269.04998779296875,271.75
2023-11-29,09:15:00,272.79998779296875,272.79998779296875,268.5,268.5
2023-11-29,10:15:00,268.70001220703125,269.29998779296875,268.1000061035156,268.79998779296875
2023-11-29,11:15:00,268.8500061035156,269.20001220703125,267.1000061035156,267.3999938964844
2023-11-29,12:15:00,267.0,268.0,266.5,268.0
2023-11-29,13:15:00,267.79998779296875,269.0,267.70001220703125,268.04998779296875
2023-11-29,14:15:00,268.45001220703125,268.5,265.25,266.1499938964844
2023-11-29,15:15:00,266.25,266.95001220703125,265.25,266.1499938964844
2023-11-30,09:15:00,266.0,267.29998779296875,265.0,267.29998779296875
2023-11-30,10:15:00,267.6499938964844,269.1000061035156,267.6499938964844,268.29998779296875
2023-11-30,11:15:00,268.6499938964844,272.8500061035156,268.6499938964844,269.25
2023-11-30,12:15:00,269.29998779296875,271.0,268.75,271.0
2023-11-30,13:15:00,271.0,272.0,269.95001220703125,270.25
2023-11-30,14:15:00,269.8500061035156,270.6499938964844,264.8999938964844,266.5
2023-11-30,15:15:00,266.54998779296875,266.54998779296875,264.5,265.54998779296875
2023-12-01,09:15:00,269.0,269.54998779296875,266.45001220703125,267.0
2023-12-01,10:15:00,267.3999938964844,268.0,267.04998779296875,267.8500061035156
2023-12-01,11:15:00,267.8500061035156,267.95001220703125,266.3500061035156,266.3500061035156
2023-12-01,12:15:00,266.70001220703125,266.70001220703125,264.25,265.70001220703125
2023-12-01,13:15:00,265.70001220703125,266.3999938964844,264.5,265.3999938964844
2023-12-01,14:15:00,265.79998779296875,266.0,263.8500061035156,263.8999938964844
2023-12-01,15:15:00,263.8999938964844,266.95001220703125,263.8999938964844,264.70001220703125
2023-12-04,09:15:00,270.0,271.95001220703125,266.79998779296875,268.95001220703125
2023-12-04,10:15:00,269.0,269.0,266.20001220703125,266.6000061035156
2023-12-04,11:15:00,266.8500061035156,268.6000061035156,266.70001220703125,266.95001220703125
2023-12-04,12:15:00,266.95001220703125,267.04998779296875,265.8500061035156,266.8999938964844
2023-12-04,13:15:00,266.8999938964844,268.45001220703125,266.3999938964844,268.20001220703125
2023-12-04,14:15:00,268.1000061035156,268.5,263.79998779296875,264.5
2023-12-04,15:15:00,264.79998779296875,265.0,264.04998779296875,264.75
2023-12-05,09:15:00,266.25,268.8500061035156,266.25,267.20001220703125
2023-12-05,10:15:00,267.20001220703125,267.20001220703125,265.25,265.70001220703125
2023-12-05,11:15:00,265.5,265.5,263.1000061035156,264.70001220703125
2023-12-05,12:15:00,264.3500061035156,264.70001220703125,262.79998779296875,263.0
2023-12-05,13:15:00,262.79998779296875,263.1499938964844,261.70001220703125,262.1000061035156
2023-12-05,14:15:00,262.1000061035156,264.0,261.75,262.5
2023-12-05,15:15:00,262.6499938964844,263.75,262.6499938964844,263.75
2023-12-06,09:15:00,264.6499938964844,270.6000061035156,262.54998779296875,269.45001220703125
2023-12-06,10:15:00,269.20001220703125,270.0,267.79998779296875,268.3500061035156
2023-12-06,11:15:00,268.3500061035156,268.3500061035156,266.1000061035156,267.5
2023-12-06,12:15:00,267.5,268.25,266.6000061035156,267.95001220703125
2023-12-06,13:15:00,268.0,268.0,266.79998779296875,267.79998779296875
2023-12-06,14:15:00,267.3999938964844,268.04998779296875,267.0,267.0
2023-12-06,15:15:00,267.0,267.95001220703125,266.54998779296875,267.0
2023-12-07,09:15:00,267.6000061035156,269.04998779296875,264.0,266.95001220703125
2023-12-07,10:15:00,267.45001220703125,268.75,266.95001220703125,268.3500061035156
2023-12-07,11:15:00,267.95001220703125,268.45001220703125,264.5,264.8999938964844
2023-12-07,12:15:00,265.0,265.0,263.75,264.20001220703125
2023-12-07,13:15:00,264.20001220703125,264.70001220703125,261.20001220703125,262.6000061035156
2023-12-07,14:15:00,262.29998779296875,264.29998779296875,259.1000061035156,260.5
2023-12-07,15:15:00,260.54998779296875,261.95001220703125,260.54998779296875,260.79998779296875
2023-12-08,09:15:00,262.29998779296875,262.95001220703125,260.79998779296875,261.79998779296875
2023-12-08,10:15:00,261.75,262.29998779296875,257.8500061035156,258.79998779296875
2023-12-08,11:15:00,258.79998779296875,258.79998779296875,253.5,253.89999389648438
2023-12-08,12:15:00,253.89999389648438,254.5500030517578,252.10000610351562,254.5
2023-12-08,13:15:00,254.14999389648438,254.8000030517578,250.64999389648438,251.8000030517578
2023-12-08,14:15:00,251.85000610351562,252.0,243.4499969482422,246.0
2023-12-08,15:15:00,245.9499969482422,247.0,243.4499969482422,245.0
2023-12-11,09:15:00,246.14999389648438,254.89999389648438,246.14999389648438,253.0
2023-12-11,10:15:00,252.60000610351562,255.8000030517578,252.0,254.25
2023-12-11,11:15:00,253.6999969482422,254.14999389648438,250.9499969482422,252.4499969482422
2023-12-11,12:15:00,252.5500030517578,252.85000610351562,251.64999389648438,252.60000610351562
2023-12-11,13:15:00,252.60000610351562,254.1999969482422,252.0500030517578,252.89999389648438
2023-12-11,14:15:00,252.8000030517578,253.1999969482422,249.8000030517578,251.0
2023-12-11,15:15:00,251.0,251.10000610351562,249.14999389648438,250.89999389648438
2023-12-12,09:15:00,252.8000030517578,260.3500061035156,252.8000030517578,257.04998779296875
2023-12-12,10:15:00,257.29998779296875,258.3999938964844,255.89999389648438,257.3500061035156
2023-12-12,11:15:00,257.6000061035156,257.8999938964844,256.3500061035156,257.1499938964844
2023-12-12,12:15:00,257.8500061035156,258.8999938964844,256.75,258.3999938964844
2023-12-12,13:15:00,259.6499938964844,264.25,259.6499938964844,260.6000061035156
2023-12-12,14:15:00,260.5,260.79998779296875,258.5,259.3999938964844
2023-12-12,15:15:00,259.5,260.3500061035156,259.1000061035156,260.0
2023-12-13,09:15:00,260.8500061035156,265.79998779296875,260.0,265.45001220703125
2023-12-13,10:15:00,264.45001220703125,266.5,264.45001220703125,265.29998779296875
2023-12-13,11:15:00,265.29998779296875,265.75,261.3500061035156,265.04998779296875
2023-12-13,12:15:00,265.29998779296875,266.70001220703125,264.6499938964844,265.5
2023-12-13,13:15:00,265.45001220703125,265.79998779296875,265.0,265.0
2023-12-13,14:15:00,264.95001220703125,266.6000061035156,263.04998779296875,266.3500061035156
2023-12-13,15:15:00,266.0,266.5,264.70001220703125,265.1499938964844
2023-12-14,09:15:00,265.6499938964844,274.6000061035156,265.6499938964844,270.3500061035156
2023-12-14,10:15:00,270.20001220703125,273.70001220703125,269.79998779296875,273.0
2023-12-14,11:15:00,273.0,275.0,271.95001220703125,272.6000061035156
2023-12-14,12:15:00,272.04998779296875,274.5,271.8999938964844,272.79998779296875
2023-12-14,13:15:00,272.79998779296875,275.1000061035156,272.0,273.6000061035156
2023-12-14,14:15:00,273.5,274.29998779296875,271.04998779296875,273.25
2023-12-14,15:15:00,273.25,273.6499938964844,271.0,272.54998779296875
2023-12-15,09:15:00,272.6000061035156,279.3500061035156,272.6000061035156,276.95001220703125
2023-12-15,10:15:00,276.75,276.75,273.0,273.8500061035156
2023-12-15,11:15:00,273.8500061035156,274.20001220703125,269.29998779296875,270.6499938964844
2023-12-15,12:15:00,271.3999938964844,271.70001220703125,270.04998779296875,270.70001220703125
2023-12-15,13:15:00,270.70001220703125,272.6000061035156,270.3500061035156,271.70001220703125
2023-12-15,14:15:00,271.79998779296875,271.79998779296875,269.5,271.45001220703125
2023-12-15,15:15:00,272.29998779296875,272.79998779296875,269.79998779296875,272.5
2023-12-18,09:15:00,271.95001220703125,274.5,270.0,271.95001220703125
2023-12-18,10:15:00,271.95001220703125,274.75,270.20001220703125,273.75
2023-12-18,11:15:00,273.75,273.8500061035156,270.1499938964844,271.0
2023-12-18,12:15:00,271.0,273.0,271.0,272.5
2023-12-18,13:15:00,272.8500061035156,273.0,270.54998779296875,272.6499938964844
2023-12-18,14:15:00,272.45001220703125,272.75,269.6000061035156,270.45001220703125
2023-12-18,15:15:00,270.5,272.95001220703125,270.0,271.25
2023-12-19,09:15:00,272.70001220703125,273.6499938964844,267.5,270.70001220703125
2023-12-19,10:15:00,270.75,274.1000061035156,267.29998779296875,269.0
2023-12-19,11:15:00,268.79998779296875,271.3500061035156,268.25,271.3500061035156
2023-12-19,12:15:00,271.0,271.3999938964844,270.0,270.0
2023-12-19,13:15:00,270.25,271.1499938964844,269.8500061035156,271.0
2023-12-19,14:15:00,270.8500061035156,271.1499938964844,269.29998779296875,270.0
2023-12-19,15:15:00,270.0,270.95001220703125,269.0,270.95001220703125
2023-12-20,09:15:00,272.5,273.1499938964844,270.95001220703125,272.8999938964844
2023-12-20,10:15:00,273.1000061035156,273.45001220703125,271.95001220703125,271.95001220703125
2023-12-20,11:15:00,272.25,272.25,270.1000061035156,270.45001220703125
2023-12-20,12:15:00,269.79998779296875,272.75,269.1499938964844,270.20001220703125
2023-12-20,13:15:00,270.1499938964844,270.3999938964844,259.70001220703125,260.8500061035156
2023-12-20,14:15:00,260.75,263.0,257.3500061035156,260.6499938964844
2023-12-20,15:15:00,260.5,262.0,259.1499938964844,262.0
2023-12-21,09:15:00,257.04998779296875,267.45001220703125,254.60000610351562,266.45001220703125
2023-12-21,10:15:00,265.54998779296875,270.45001220703125,264.5,270.1499938964844
2023-12-21,11:15:00,269.8999938964844,271.0,269.70001220703125,270.0
2023-12-21,12:15:00,270.04998779296875,271.5,269.79998779296875,270.0
2023-12-21,13:15:00,270.0,271.04998779296875,269.79998779296875,270.1000061035156
2023-12-21,14:15:00,270.04998779296875,271.6499938964844,270.0,271.54998779296875
2023-12-21,15:15:00,272.20001220703125,272.20001220703125,270.0,270.0
2023-12-22,09:15:00,273.70001220703125,273.70001220703125,270.3500061035156,272.95001220703125
2023-12-22,10:15:00,273.3500061035156,273.5,271.0,272.45001220703125
2023-12-22,11:15:00,272.75,272.75,269.0,270.5
2023-12-22,12:15:00,271.3500061035156,272.8500061035156,268.0,268.70001220703125
2023-12-22,13:15:00,268.8999938964844,270.95001220703125,268.20001220703125,269.0
2023-12-22,14:15:00,268.8500061035156,271.6000061035156,267.79998779296875,270.5
2023-12-22,15:15:00,270.54998779296875,270.95001220703125,268.29998779296875,268.8500061035156
2023-12-26,09:15:00,271.6000061035156,273.0,266.1000061035156,266.70001220703125
2023-12-26,10:15:00,266.70001220703125,271.3500061035156,266.29998779296875,270.29998779296875
2023-12-26,11:15:00,270.5,272.3999938964844,270.20001220703125,270.8999938964844
2023-12-26,12:15:00,270.5,270.8500061035156,270.0,270.20001220703125
2023-12-26,13:15:00,270.29998779296875,270.70001220703125,270.0,270.29998779296875
2023-12-26,14:15:00,270.8500061035156,274.45001220703125,269.8500061035156,270.25
2023-12-26,15:15:00,270.25,273.8999938964844,269.75,270.70001220703125
2023-12-27,09:15:00,274.6499938964844,276.79998779296875,272.3999938964844,273.70001220703125
2023-12-27,10:15:00,273.70001220703125,276.20001220703125,273.25,274.54998779296875
2023-12-27,11:15:00,274.8999938964844,275.1499938964844,273.04998779296875,273.29998779296875
2023-12-27,12:15:00,273.1499938964844,273.1499938964844,271.0,272.70001220703125
2023-12-27,13:15:00,272.0,272.79998779296875,269.6499938964844,270.70001220703125
2023-12-27,14:15:00,270.04998779296875,272.1499938964844,269.29998779296875,271.8500061035156
2023-12-27,15:15:00,271.45001220703125,272.29998779296875,270.54998779296875,270.8999938964844
2023-12-28,09:15:00,271.70001220703125,272.70001220703125,269.3500061035156,270.25
2023-12-28,10:15:00,270.0,271.3999938964844,269.79998779296875,270.5
2023-12-28,11:15:00,270.1000061035156,270.54998779296875,269.5,270.0
2023-12-28,12:15:00,270.20001220703125,270.20001220703125,269.75,270.0
2023-12-28,13:15:00,269.75,270.0,265.3999938964844,269.0
2023-12-28,14:15:00,269.0,269.8999938964844,268.1499938964844,268.54998779296875
2023-12-28,15:15:00,268.1499938964844,269.0,267.0,267.3999938964844
2023-12-29,09:15:00,270.3999938964844,271.5,265.20001220703125,265.20001220703125
2023-12-29,10:15:00,265.6000061035156,269.20001220703125,265.0,268.75
2023-12-29,11:15:00,268.54998779296875,270.25,268.25,268.54998779296875
2023-12-29,12:15:00,268.8999938964844,269.5,268.04998779296875,268.6499938964844
2023-12-29,13:15:00,268.95001220703125,269.1499938964844,268.3500061035156,269.0
2023-12-29,14:15:00,268.54998779296875,270.6499938964844,268.0,270.0
2023-12-29,15:15:00,270.0,270.5,269.6499938964844,269.6499938964844
2024-01-01,09:15:00,273.95001220703125,273.95001220703125,271.3999938964844,273.3999938964844
2024-01-01,10:15:00,273.3999938964844,274.8500061035156,271.1499938964844,271.95001220703125
2024-01-01,11:15:00,272.0,272.5,271.25,271.25
2024-01-01,12:15:00,271.6000061035156,272.0,271.3999938964844,271.6000061035156
2024-01-01,13:15:00,271.95001220703125,272.0,271.25,271.29998779296875
2024-01-01,14:15:00,271.75,274.3999938964844,271.25,272.25
2024-01-01,15:15:00,272.25,272.75,272.20001220703125,272.6499938964844
2024-01-02,09:15:00,274.8999938964844,276.75,272.04998779296875,273.5
2024-01-02,10:15:00,273.6000061035156,273.8999938964844,270.8500061035156,273.20001220703125
2024-01-02,11:15:00,273.04998779296875,275.95001220703125,272.45001220703125,274.3500061035156
2024-01-02,12:15:00,274.3500061035156,274.70001220703125,272.20001220703125,272.6499938964844
2024-01-02,13:15:00,272.6499938964844,273.3999938964844,271.6000061035156,273.25
2024-01-02,14:15:00,273.0,273.95001220703125,272.3500061035156,273.25
2024-01-02,15:15:00,273.0,273.8999938964844,272.20001220703125,273.1499938964844
2024-01-03,09:15:00,275.8999938964844,275.8999938964844,271.0,271.79998779296875
2024-01-03,10:15:00,271.79998779296875,272.95001220703125,270.3999938964844,272.0
2024-01-03,11:15:00,272.1000061035156,272.95001220703125,272.1000061035156,272.6499938964844
2024-01-03,12:15:00,272.5,273.0,272.0,272.6499938964844
2024-01-03,13:15:00,272.70001220703125,273.04998779296875,271.79998779296875,272.5
2024-01-03,14:15:00,272.5,274.0,272.5,273.20001220703125
2024-01-03,15:15:00,273.04998779296875,273.8500061035156,273.0,273.79998779296875
2024-01-04,09:15:00,274.1499938964844,278.1499938964844,274.1499938964844,275.20001220703125
2024-01-04,10:15:00,275.6499938964844,288.0,275.25,285.04998779296875
2024-01-04,11:15:00,284.79998779296875,285.70001220703125,284.20001220703125,284.8999938964844
2024-01-04,12:15:00,284.54998779296875,285.5,284.45001220703125,284.54998779296875
2024-01-04,13:15:00,284.54998779296875,285.1499938964844,280.54998779296875,280.54998779296875
2024-01-04,14:15:00,280.54998779296875,281.1499938964844,279.04998779296875,279.54998779296875
2024-01-04,15:15:00,279.5,281.0,278.45001220703125,279.79998779296875
2024-01-05,09:15:00,281.3999938964844,283.70001220703125,278.20001220703125,283.0
2024-01-05,10:15:00,283.1499938964844,283.54998779296875,280.3500061035156,281.95001220703125
2024-01-05,11:15:00,282.0,283.1000061035156,280.0,282.0
2024-01-05,12:15:00,282.0,282.0,279.75,280.0
2024-01-05,13:15:00,280.0,280.3999938964844,279.0,279.0
2024-01-05,14:15:00,279.75,285.0,277.5,283.95001220703125
2024-01-05,15:15:00,283.70001220703125,284.8500061035156,283.04998779296875,284.25
2024-01-08,09:15:00,286.5,288.0,275.54998779296875,277.5
2024-01-08,10:15:00,277.54998779296875,278.45001220703125,275.04998779296875,275.8500061035156
2024-01-08,11:15:00,275.29998779296875,278.8999938964844,275.29998779296875,278.8999938964844
2024-01-08,12:15:00,278.6000061035156,280.3500061035156,278.29998779296875,279.95001220703125
2024-01-08,13:15:00,279.6000061035156,280.0,279.1000061035156,279.5
2024-01-08,14:15:00,279.3999938964844,280.0,278.79998779296875,279.5
2024-01-08,15:15:00,279.1000061035156,280.0,279.0,279.70001220703125
2024-01-09,09:15:00,281.0,288.6000061035156,278.79998779296875,284.6000061035156
2024-01-09,10:15:00,285.0,285.0,280.5,281.20001220703125
2024-01-09,11:15:00,281.25,281.75,279.0,279.75
2024-01-09,12:15:00,280.0,280.45001220703125,278.95001220703125,279.8999938964844
2024-01-09,13:15:00,279.8999938964844,280.0,279.29998779296875,279.5
2024-01-09,14:15:00,279.8999938964844,279.8999938964844,276.45001220703125,278.3999938964844
2024-01-09,15:15:00,278.8500061035156,279.8999938964844,277.20001220703125,277.3999938964844
2024-01-10,09:15:00,278.3999938964844,280.6000061035156,276.04998779296875,280.6000061035156
2024-01-10,10:15:00,280.3500061035156,281.45001220703125,277.75,278.45001220703125
2024-01-10,11:15:00,278.25,278.5,277.1499938964844,277.1499938964844
2024-01-10,12:15:00,277.45001220703125,279.8500061035156,277.1000061035156,279.70001220703125
2024-01-10,13:15:00,279.8500061035156,280.20001220703125,278.3500061035156,279.5
2024-01-10,14:15:00,279.95001220703125,279.95001220703125,277.1000061035156,279.5
2024-01-10,15:15:00,279.1499938964844,280.0,278.04998779296875,279.20001220703125
2024-01-11,09:15:00,281.70001220703125,284.75,279.0,279.3999938964844
2024-01-11,10:15:00,279.6000061035156,279.95001220703125,278.70001220703125,279.5
2024-01-11,11:15:00,279.45001220703125,279.95001220703125,279.0,279.95001220703125
2024-01-11,12:15:00,279.95001220703125,288.45001220703125,279.54998779296875,283.6000061035156
2024-01-11,13:15:00,283.6000061035156,285.0,281.8999938964844,281.8999938964844
2024-01-11,14:15:00,282.5,283.6000061035156,281.6499938964844,282.3500061035156
2024-01-11,15:15:00,282.3500061035156,283.0,279.1499938964844,281.54998779296875
2024-01-12,09:15:00,290.0,291.1000061035156,286.54998779296875,288.3999938964844
2024-01-12,10:15:00,288.3999938964844,288.5,285.54998779296875,286.3999938964844
2024-01-12,11:15:00,286.3999938964844,286.75,284.45001220703125,284.8999938964844
2024-01-12,12:15:00,285.0,285.79998779296875,284.45001220703125,285.1000061035156
2024-01-12,13:15:00,285.5,286.45001220703125,284.3999938964844,284.70001220703125
2024-01-12,14:15:00,284.6499938964844,285.8999938964844,282.6499938964844,285.0
2024-01-12,15:15:00,284.6499938964844,286.45001220703125,284.25,285.1499938964844
2024-01-15,09:15:00,288.0,288.0,279.75,280.70001220703125
2024-01-15,10:15:00,281.04998779296875,282.04998779296875,280.70001220703125,281.20001220703125
2024-01-15,11:15:00,281.20001220703125,282.29998779296875,280.1000061035156,280.25
2024-01-15,12:15:00,280.1499938964844,280.70001220703125,278.29998779296875,280.0
2024-01-15,13:15:00,280.1499938964844,280.1499938964844,279.0,279.5
2024-01-15,14:15:00,279.5,281.0,278.75,279.5
2024-01-15,15:15:00,279.5,280.0,278.54998779296875,279.0
2024-01-16,09:15:00,280.3500061035156,283.1499938964844,278.29998779296875,278.70001220703125
2024-01-16,10:15:00,277.8999938964844,278.3500061035156,277.1000061035156,277.8999938964844
2024-01-16,11:15:00,278.0,282.8999938964844,278.0,281.6000061035156
2024-01-16,12:15:00,281.29998779296875,281.95001220703125,277.3500061035156,277.5
2024-01-16,13:15:00,277.3999938964844,279.29998779296875,277.0,278.8999938964844
2024-01-16,14:15:00,278.8999938964844,280.0,277.8999938964844,279.3500061035156
2024-01-16,15:15:00,279.5,281.3500061035156,279.0,279.54998779296875
2024-01-17,09:15:00,278.0,279.0,274.6000061035156,276.95001220703125
2024-01-17,10:15:00,276.3999938964844,278.54998779296875,275.04998779296875,275.20001220703125
2024-01-17,11:15:00,275.75,277.1499938964844,274.8500061035156,275.5
2024-01-17,12:15:00,275.25,277.45001220703125,275.25,276.1499938964844
2024-01-17,13:15:00,276.20001220703125,277.75,275.6000061035156,275.8500061035156
2024-01-17,14:15:00,275.8999938964844,276.0,273.75,275.20001220703125
2024-01-17,15:15:00,275.3999938964844,276.0,274.29998779296875,275.1000061035156
2024-01-18,09:15:00,274.45001220703125,275.6499938964844,268.1499938964844,272.54998779296875
2024-01-18,10:15:00,273.0,276.95001220703125,271.75,276.8999938964844
2024-01-18,11:15:00,277.1000061035156,277.1000061035156,275.3999938964844,276.0
2024-01-18,12:15:00,276.20001220703125,276.29998779296875,273.8999938964844,274.20001220703125
2024-01-18,13:15:00,274.5,274.8500061035156,273.8999938964844,274.3999938964844
2024-01-18,14:15:00,274.6499938964844,275.6499938964844,273.45001220703125,275.0
2024-01-18,15:15:00,275.1499938964844,275.75,272.29998779296875,273.54998779296875
2024-01-19,09:15:00,275.20001220703125,276.95001220703125,274.6000061035156,275.8999938964844
2024-01-19,10:15:00,275.8999938964844,276.6499938964844,273.3999938964844,273.95001220703125
2024-01-19,11:15:00,273.8500061035156,274.75,271.1499938964844,272.5
2024-01-19,12:15:00,272.5,272.70001220703125,271.25,272.3999938964844
2024-01-19,13:15:00,272.45001220703125,274.1000061035156,271.04998779296875,273.04998779296875
2024-01-19,14:15:00,273.1499938964844,276.25,268.45001220703125,270.79998779296875
2024-01-19,15:15:00,270.45001220703125,273.95001220703125,270.45001220703125,272.0
2024-01-23,09:15:00,281.8999938964844,282.0,275.95001220703125,278.8999938964844
2024-01-23,10:15:00,279.0,281.0,277.0,277.5
2024-01-23,11:15:00,277.5,277.79998779296875,272.5,272.95001220703125
2024-01-23,12:15:00,272.8999938964844,274.0,270.95001220703125,271.45001220703125
2024-01-23,13:15:00,271.3500061035156,273.5,271.3500061035156,271.8500061035156
2024-01-23,14:15:00,270.8500061035156,273.29998779296875,270.04998779296875,271.29998779296875
2024-01-23,15:15:00,271.25,271.79998779296875,268.04998779296875,270.45001220703125
2024-01-24,09:15:00,278.0,291.0,277.95001220703125,278.79998779296875
2024-01-24,10:15:00,278.75,280.0,278.1499938964844,279.54998779296875
2024-01-24,11:15:00,279.45001220703125,279.6000061035156,275.29998779296875,276.5
2024-01-24,12:15:00,276.79998779296875,278.5,275.3999938964844,277.75
2024-01-24,13:15:00,277.75,279.6000061035156,277.04998779296875,277.95001220703125
2024-01-24,14:15:00,278.0,278.0,275.0,276.1499938964844
2024-01-24,15:15:00,275.79998779296875,275.79998779296875,272.8999938964844,275.45001220703125
2024-01-25,09:15:00,275.3999938964844,279.04998779296875,272.5,272.8500061035156
2024-01-25,10:15:00,272.8500061035156,274.25,271.1499938964844,272.0
2024-01-25,11:15:00,272.0,273.95001220703125,272.0,273.3500061035156
2024-01-25,12:15:00,273.25,274.70001220703125,272.54998779296875,274.29998779296875
2024-01-25,13:15:00,274.5,276.8500061035156,274.20001220703125,275.70001220703125
2024-01-25,14:15:00,275.20001220703125,276.1499938964844,274.0,275.75
2024-01-25,15:15:00,275.75,276.20001220703125,275.3999938964844,275.79998779296875
2024-01-29,09:15:00,280.0,281.79998779296875,275.29998779296875,276.95001220703125
2024-01-29,10:15:00,276.95001220703125,277.0,275.1499938964844,275.1499938964844
2024-01-29,11:15:00,275.20001220703125,275.20001220703125,273.3999938964844,274.20001220703125
2024-01-29,12:15:00,273.79998779296875,274.6499938964844,273.1499938964844,273.1499938964844
2024-01-29,13:15:00,273.3500061035156,273.3999938964844,271.6000061035156,272.5
2024-01-29,14:15:00,272.1000061035156,273.29998779296875,271.45001220703125,271.6000061035156
2024-01-29,15:15:00,272.0,273.0,271.29998779296875,272.1000061035156
2024-01-30,09:15:00,273.6499938964844,280.0,270.8999938964844,279.1499938964844
2024-01-30,10:15:00,279.1499938964844,279.6499938964844,275.04998779296875,275.5
2024-01-30,11:15:00,275.5,276.6499938964844,275.45001220703125,276.25
2024-01-30,12:15:00,276.25,276.25,275.0,275.3500061035156
2024-01-30,13:15:00,275.3999938964844,277.20001220703125,274.79998779296875,277.20001220703125
2024-01-30,14:15:00,276.75,278.3999938964844,275.54998779296875,276.0
2024-01-30,15:15:00,276.0,276.6000061035156,275.0,275.6499938964844
2024-01-31,09:15:00,276.45001220703125,278.04998779296875,274.04998779296875,277.25
2024-01-31,10:15:00,276.79998779296875,278.04998779296875,275.29998779296875,276.54998779296875
2024-01-31,11:15:00,276.95001220703125,278.8999938964844,276.1499938964844,277.95001220703125
2024-01-31,12:15:00,277.3999938964844,284.95001220703125,277.0,283.6499938964844
2024-01-31,13:15:00,283.54998779296875,285.95001220703125,280.1000061035156,280.1000061035156
2024-01-31,14:15:00,280.54998779296875,283.45001220703125,280.1000061035156,283.04998779296875
2024-01-31,15:15:00,283.04998779296875,283.79998779296875,281.29998779296875,282.3999938964844
2024-02-01,09:15:00,286.45001220703125,286.5,278.3999938964844,278.8500061035156
2024-02-01,10:15:00,278.8500061035156,279.5,277.70001220703125,278.1499938964844
2024-02-01,11:15:00,278.20001220703125,279.1499938964844,275.29998779296875,277.29998779296875
2024-02-01,12:15:00,277.1000061035156,278.25,276.5,277.6499938964844
2024-02-01,13:15:00,277.29998779296875,277.8999938964844,274.3999938964844,275.95001220703125
2024-02-01,14:15:00,275.5,276.0,273.79998779296875,275.0
2024-02-01,15:15:00,275.3999938964844,276.79998779296875,275.0,275.29998779296875
2024-02-02,09:15:00,283.95001220703125,285.0,276.6000061035156,278.79998779296875
2024-02-02,10:15:00,278.5,280.0,278.20001220703125,279.75
2024-02-02,11:15:00,279.3500061035156,279.79998779296875,278.75,278.75
2024-02-02,12:15:00,279.45001220703125,279.79998779296875,275.45001220703125,275.70001220703125
2024-02-02,13:15:00,275.20001220703125,275.70001220703125,272.8999938964844,274.95001220703125
2024-02-02,14:15:00,274.3999938964844,275.6000061035156,272.3500061035156,272.70001220703125
2024-02-02,15:15:00,272.1000061035156,273.25,271.95001220703125,272.5
2024-02-05,09:15:00,273.0,288.5,273.0,288.04998779296875
2024-02-05,10:15:00,288.45001220703125,293.0,287.0,291.5
2024-02-05,11:15:00,291.54998779296875,292.0,290.04998779296875,291.8999938964844
2024-02-05,12:15:00,291.6499938964844,292.0,287.04998779296875,287.8500061035156
2024-02-05,13:15:00,288.0,288.0,285.54998779296875,286.6000061035156
2024-02-05,14:15:00,286.3999938964844,286.3999938964844,282.3500061035156,284.3500061035156
2024-02-05,15:15:00,284.54998779296875,285.25,283.04998779296875,285.25
2024-02-06,09:15:00,287.5,294.1000061035156,287.0,288.6499938964844
2024-02-06,10:15:00,288.8500061035156,290.70001220703125,288.04998779296875,288.8999938964844
2024-02-06,11:15:00,289.29998779296875,289.29998779296875,284.0,285.3999938964844
2024-02-06,12:15:00,285.3999938964844,286.0,282.3500061035156,283.3999938964844
2024-02-06,13:15:00,283.6000061035156,284.8999938964844,282.54998779296875,284.0
2024-02-06,14:15:00,283.70001220703125,286.0,283.70001220703125,285.5
2024-02-06,15:15:00,285.3999938964844,289.8999938964844,285.3999938964844,289.8999938964844
2024-02-07,09:15:00,289.3999938964844,290.54998779296875,285.95001220703125,288.0
2024-02-07,10:15:00,288.04998779296875,288.04998779296875,285.20001220703125,286.20001220703125
2024-02-07,11:15:00,285.6499938964844,289.0,283.8500061035156,288.04998779296875
2024-02-07,12:15:00,288.04998779296875,288.95001220703125,286.54998779296875,287.45001220703125
2024-02-07,13:15:00,287.5,287.6000061035156,285.04998779296875,285.95001220703125
2024-02-07,14:15:00,285.3999938964844,286.04998779296875,284.3500061035156,284.3500061035156
2024-02-07,15:15:00,284.1000061035156,286.8999938964844,284.0,285.0
2024-02-08,09:15:00,286.8999938964844,287.3999938964844,283.0,284.0
2024-02-08,10:15:00,283.8500061035156,286.95001220703125,283.1499938964844,283.95001220703125
2024-02-08,11:15:00,283.95001220703125,287.0,283.54998779296875,286.5
2024-02-08,12:15:00,286.5,286.6000061035156,284.20001220703125,285.25
2024-02-08,13:15:00,284.8999938964844,285.45001220703125,283.6000061035156,284.20001220703125
2024-02-08,14:15:00,283.75,284.6000061035156,283.0,283.20001220703125
2024-02-08,15:15:00,283.04998779296875,284.6000061035156,283.04998779296875,283.29998779296875
2024-02-09,09:15:00,286.0,286.45001220703125,275.54998779296875,279.75
2024-02-09,10:15:00,279.70001220703125,279.95001220703125,275.04998779296875,277.25
2024-02-09,11:15:00,276.6499938964844,278.45001220703125,275.0,278.45001220703125
2024-02-09,12:15:00,278.3999938964844,279.45001220703125,276.70001220703125,278.29998779296875
2024-02-09,13:15:00,278.25,278.95001220703125,277.5,278.04998779296875
2024-02-09,14:15:00,277.95001220703125,279.3500061035156,276.45001220703125,278.70001220703125
2024-02-09,15:15:00,278.0,278.79998779296875,276.70001220703125,277.75
2024-02-12,09:15:00,279.6499938964844,279.6499938964844,269.6000061035156,270.1499938964844
2024-02-12,10:15:00,270.6499938964844,271.0,267.1000061035156,268.29998779296875
2024-02-12,11:15:00,268.5,269.0,267.1000061035156,268.1000061035156
2024-02-12,12:15:00,267.8999938964844,267.8999938964844,265.3999938964844,266.1499938964844
2024-02-12,13:15:00,266.1499938964844,266.95001220703125,265.5,266.75
2024-02-12,14:15:00,267.20001220703125,267.3999938964844,264.25,264.3500061035156
2024-02-12,15:15:00,265.20001220703125,267.75,264.0,265.5
2024-02-13,09:15:00,266.1499938964844,268.25,260.04998779296875,261.6499938964844
2024-02-13,10:15:00,261.0,262.8500061035156,246.25,258.6000061035156
2024-02-13,11:15:00,257.70001220703125,259.6000061035156,257.0,257.3999938964844
2024-02-13,12:15:00,257.45001220703125,259.45001220703125,257.1499938964844,259.0
2024-02-13,13:15:00,260.1499938964844,262.25,258.45001220703125,259.3500061035156
2024-02-13,14:15:00,259.6499938964844,262.8999938964844,258.95001220703125,262.8999938964844
2024-02-13,15:15:00,262.5,265.0,261.0,262.0
2024-02-14,09:15:00,259.0,264.75,259.0,264.3999938964844
2024-02-14,10:15:00,264.1499938964844,267.45001220703125,264.1499938964844,266.29998779296875
2024-02-14,11:15:00,266.3500061035156,267.6000061035156,265.8999938964844,266.29998779296875
2024-02-14,12:15:00,265.95001220703125,267.20001220703125,264.29998779296875,266.3999938964844
2024-02-14,13:15:00,266.5,266.95001220703125,265.3500061035156,265.79998779296875
2024-02-14,14:15:00,266.1499938964844,266.8500061035156,265.0,265.29998779296875
2024-02-14,15:15:00,265.29998779296875,266.8999938964844,264.8999938964844,265.6000061035156
2024-02-15,09:15:00,270.0,273.8500061035156,269.3999938964844,269.3999938964844
2024-02-15,10:15:00,269.70001220703125,270.0,267.75,268.54998779296875
2024-02-15,11:15:00,268.1499938964844,269.0,267.8500061035156,268.75
2024-02-15,12:15:00,268.3999938964844,268.8500061035156,265.20001220703125,266.6499938964844
2024-02-15,13:15:00,266.3999938964844,268.95001220703125,266.3999938964844,268.0
2024-02-15,14:15:00,267.3999938964844,267.79998779296875,263.6000061035156,264.6499938964844
2024-02-15,15:15:00,264.5,265.75,263.0,264.70001220703125
2024-02-16,09:15:00,266.6000061035156,267.20001220703125,264.1000061035156,265.04998779296875
2024-02-16,10:15:00,264.6499938964844,270.79998779296875,263.79998779296875,269.1000061035156
2024-02-16,11:15:00,269.1000061035156,269.1000061035156,268.1000061035156,268.8999938964844
2024-02-16,12:15:00,269.1499938964844,269.95001220703125,268.8999938964844,269.70001220703125
2024-02-16,13:15:00,269.75,270.0,269.0,269.75
2024-02-16,14:15:00,269.70001220703125,270.8500061035156,269.29998779296875,270.79998779296875
2024-02-16,15:15:00,271.04998779296875,272.45001220703125,270.54998779296875,270.54998779296875
2024-02-19,09:15:00,271.3500061035156,276.0,270.0,274.8999938964844
2024-02-19,10:15:00,274.8999938964844,276.29998779296875,272.79998779296875,274.45001220703125
2024-02-19,11:15:00,274.45001220703125,276.5,274.0,276.0
2024-02-19,12:15:00,276.0,279.95001220703125,275.1000061035156,279.04998779296875
2024-02-19,13:15:00,278.8999938964844,280.8500061035156,277.1000061035156,277.6000061035156
2024-02-19,14:15:00,277.6000061035156,284.25,277.6000061035156,281.0
2024-02-19,15:15:00,280.95001220703125,283.3500061035156,280.54998779296875,282.1000061035156
2024-02-20,09:15:00,280.0,280.0,274.1000061035156,274.79998779296875
2024-02-20,10:15:00,274.8999938964844,275.3999938964844,273.0,273.70001220703125
2024-02-20,11:15:00,273.75,275.0,271.8500061035156,272.0
2024-02-20,12:15:00,272.25,273.20001220703125,267.5,268.20001220703125
2024-02-20,13:15:00,268.0,269.54998779296875,266.6499938964844,267.20001220703125
2024-02-20,14:15:00,267.20001220703125,268.45001220703125,266.5,267.6499938964844
2024-02-20,15:15:00,268.04998779296875,268.75,267.0,268.75
2024-02-21,09:15:00,268.95001220703125,269.95001220703125,266.3999938964844,266.79998779296875
2024-02-21,10:15:00,267.1000061035156,267.3999938964844,265.6499938964844,266.8999938964844
2024-02-21,11:15:00,266.6000061035156,267.3500061035156,265.29998779296875,265.45001220703125
2024-02-21,12:15:00,265.3500061035156,265.6499938964844,264.0,265.6499938964844
2024-02-21,13:15:00,264.8999938964844,267.54998779296875,264.8999938964844,265.25
2024-02-21,14:15:00,265.75,266.29998779296875,262.0,265.54998779296875
2024-02-21,15:15:00,265.54998779296875,268.0,263.29998779296875,264.45001220703125
2024-02-22,09:15:00,264.45001220703125,266.70001220703125,261.8500061035156,265.0
2024-02-22,10:15:00,265.0,266.45001220703125,264.95001220703125,266.20001220703125
2024-02-22,11:15:00,266.20001220703125,268.8999938964844,264.1499938964844,268.8500061035156
2024-02-22,12:15:00,268.1499938964844,269.20001220703125,267.5,267.95001220703125
2024-02-22,13:15:00,269.54998779296875,269.54998779296875,267.54998779296875,268.20001220703125
2024-02-22,14:15:00,267.70001220703125,269.95001220703125,267.1499938964844,269.04998779296875
2024-02-22,15:15:00,269.1499938964844,269.8999938964844,268.1000061035156,269.20001220703125
2024-02-23,09:15:00,270.8500061035156,271.79998779296875,268.20001220703125,269.0
2024-02-23,10:15:00,269.0,269.25,264.1000061035156,266.1000061035156
2024-02-23,11:15:00,266.0,267.0,265.54998779296875,266.04998779296875
2024-02-23,12:15:00,266.04998779296875,269.5,265.3999938964844,268.3500061035156
2024-02-23,13:15:00,268.79998779296875,268.8500061035156,266.8500061035156,267.5
2024-02-23,14:15:00,267.54998779296875,268.8500061035156,266.95001220703125,268.1000061035156
2024-02-23,15:15:00,268.20001220703125,269.95001220703125,268.0,268.20001220703125
2024-02-26,09:15:00,269.20001220703125,272.20001220703125,266.8500061035156,268.3999938964844
2024-02-26,10:15:00,268.95001220703125,269.1000061035156,266.3999938964844,267.3500061035156
2024-02-26,11:15:00,267.54998779296875,269.25,267.0,268.1000061035156
2024-02-26,12:15:00,268.6499938964844,269.04998779296875,267.95001220703125,268.6000061035156
2024-02-26,13:15:00,268.54998779296875,269.29998779296875,267.8999938964844,268.75
2024-02-26,14:15:00,268.54998779296875,269.45001220703125,267.8500061035156,268.04998779296875
2024-02-26,15:15:00,268.29998779296875,268.70001220703125,267.8500061035156,268.1000061035156
2024-02-27,09:15:00,268.1000061035156,269.3999938964844,264.8500061035156,265.20001220703125
2024-02-27,10:15:00,264.3500061035156,265.8999938964844,264.1000061035156,265.75
2024-02-27,11:15:00,266.0,267.0,265.79998779296875,266.1000061035156
2024-02-27,12:15:00,266.6499938964844,266.8999938964844,265.79998779296875,266.3999938964844
2024-02-27,13:15:00,266.3999938964844,266.3999938964844,263.6499938964844,264.0
2024-02-27,14:15:00,264.04998779296875,264.20001220703125,261.3500061035156,262.5
2024-02-27,15:15:00,263.1000061035156,263.5,262.1499938964844,262.8999938964844
2024-02-28,09:15:00,266.0,266.0,261.79998779296875,262.0
2024-02-28,10:15:00,262.0,262.6000061035156,258.8999938964844,259.25
2024-02-28,11:15:00,259.25,259.6499938964844,257.29998779296875,258.45001220703125
2024-02-28,12:15:00,258.1499938964844,258.54998779296875,256.0,256.0
2024-02-28,13:15:00,256.20001220703125,258.6499938964844,256.1499938964844,258.0
2024-02-28,14:15:00,258.1000061035156,258.3999938964844,257.0,258.3999938964844
2024-02-28,15:15:00,258.3999938964844,258.95001220703125,258.0,258.20001220703125
2024-02-29,09:15:00,258.20001220703125,259.3500061035156,255.10000610351562,256.6000061035156
2024-02-29,10:15:00,256.45001220703125,257.6000061035156,256.1000061035156,257.6000061035156
2024-02-29,11:15:00,257.25,257.8999938964844,256.70001220703125,257.5
2024-02-29,12:15:00,257.3500061035156,258.0,256.20001220703125,257.1499938964844
2024-02-29,13:15:00,257.20001220703125,257.6499938964844,256.75,256.8500061035156
2024-02-29,14:15:00,257.20001220703125,259.25,256.95001220703125,259.20001220703125
2024-02-29,15:15:00,259.3999938964844,259.8999938964844,257.95001220703125,258.6000061035156
2024-03-01,09:15:00,259.95001220703125,264.3999938964844,258.6499938964844,264.3500061035156
2024-03-01,10:15:00,264.70001220703125,267.8500061035156,263.95001220703125,264.79998779296875
2024-03-01,11:15:00,264.3999938964844,266.20001220703125,264.04998779296875,265.6499938964844
2024-03-01,12:15:00,265.6499938964844,265.70001220703125,265.0,265.3500061035156
2024-03-01,13:15:00,266.0,269.1499938964844,266.0,268.45001220703125
2024-03-01,14:15:00,268.3500061035156,268.8500061035156,265.79998779296875,268.54998779296875
2024-03-01,15:15:00,268.20001220703125,268.6499938964844,267.5,268.04998779296875
2024-03-04,09:15:00,269.54998779296875,275.5,269.54998779296875,272.0
2024-03-04,10:15:00,272.70001220703125,274.0,271.54998779296875,272.5
2024-03-04,11:15:00,272.5,272.70001220703125,271.5,272.1000061035156
2024-03-04,12:15:00,271.54998779296875,272.5,271.5,271.95001220703125
2024-03-04,13:15:00,271.79998779296875,281.0,271.0,281.0
2024-03-04,14:15:00,280.6499938964844,281.0,278.1499938964844,278.3999938964844
2024-03-04,15:15:00,278.0,280.0,277.20001220703125,280.0
2024-03-05,09:15:00,280.0,282.0,275.0,276.0
2024-03-05,10:15:00,276.20001220703125,276.8500061035156,274.29998779296875,275.95001220703125
2024-03-05,11:15:00,275.04998779296875,278.45001220703125,275.0,275.70001220703125
2024-03-05,12:15:00,275.6000061035156,277.5,274.79998779296875,277.0
2024-03-05,13:15:00,277.0,277.0,274.6499938964844,274.6499938964844
2024-03-05,14:15:00,274.6499938964844,275.6000061035156,274.0,274.6499938964844
2024-03-05,15:15:00,274.54998779296875,276.79998779296875,274.20001220703125,276.75
2024-03-06,09:15:00,269.8999938964844,269.8999938964844,261.04998779296875,262.95001220703125
2024-03-06,10:15:00,263.0,264.3999938964844,260.8999938964844,261.04998779296875
2024-03-06,11:15:00,261.75,262.1000061035156,260.25,260.6499938964844
2024-03-06,12:15:00,260.6499938964844,261.45001220703125,260.04998779296875,260.8500061035156
2024-03-06,13:15:00,260.79998779296875,261.6499938964844,260.54998779296875,261.3500061035156
2024-03-06,14:15:00,261.29998779296875,262.0,260.8500061035156,261.04998779296875
2024-03-06,15:15:00,261.0,262.0,260.45001220703125,261.20001220703125
2024-03-07,09:15:00,259.95001220703125,262.8999938964844,257.3999938964844,258.8500061035156
2024-03-07,10:15:00,258.25,259.5,257.8500061035156,258.95001220703125
2024-03-07,11:15:00,258.54998779296875,260.0,258.54998779296875,258.70001220703125
2024-03-07,12:15:00,258.6000061035156,259.3999938964844,258.54998779296875,259.1499938964844
2024-03-07,13:15:00,259.1000061035156,259.45001220703125,258.6000061035156,259.1499938964844
2024-03-07,14:15:00,259.04998779296875,261.54998779296875,258.70001220703125,260.04998779296875
2024-03-07,15:15:00,260.45001220703125,261.5,259.29998779296875,260.20001220703125
2024-03-11,09:15:00,261.1499938964844,265.70001220703125,260.0,260.29998779296875
2024-03-11,10:15:00,260.29998779296875,261.0,259.79998779296875,260.1499938964844
2024-03-11,11:15:00,260.5,260.6000061035156,256.25,256.25
2024-03-11,12:15:00,256.45001220703125,257.0,253.4499969482422,255.60000610351562
2024-03-11,13:15:00,255.10000610351562,255.75,254.3000030517578,254.35000610351562
2024-03-11,14:15:00,254.3000030517578,255.10000610351562,253.39999389648438,253.39999389648438
2024-03-11,15:15:00,253.39999389648438,253.89999389648438,252.5,253.14999389648438
2024-03-12,09:15:00,260.04998779296875,260.04998779296875,256.1499938964844,257.75
2024-03-12,10:15:00,257.75,258.1499938964844,253.0,253.0
2024-03-12,11:15:00,252.9499969482422,253.5500030517578,250.3000030517578,251.0
2024-03-12,12:15:00,251.0500030517578,251.35000610351562,249.5,250.25
2024-03-12,13:15:00,250.5,251.5500030517578,249.64999389648438,250.75
2024-03-12,14:15:00,251.14999389648438,251.1999969482422,248.75,248.89999389648438
2024-03-12,15:15:00,248.5500030517578,252.0,247.0,248.5500030517578
2024-03-13,09:15:00,248.5500030517578,249.5500030517578,236.14999389648438,239.0500030517578
2024-03-13,10:15:00,238.89999389648438,239.39999389648438,235.0,235.0500030517578
2024-03-13,11:15:00,235.35000610351562,235.89999389648438,228.5500030517578,229.8000030517578
2024-03-13,12:15:00,229.75,231.39999389648438,228.0,228.9499969482422
2024-03-13,13:15:00,228.75,229.6999969482422,225.14999389648438,225.1999969482422
2024-03-13,14:15:00,224.8000030517578,225.4499969482422,219.3000030517578,221.6999969482422
2024-03-13,15:15:00,221.64999389648438,224.0,220.89999389648438,223.89999389648438
2024-03-14,09:15:00,218.5500030517578,233.6999969482422,216.6999969482422,233.0
2024-03-14,10:15:00,232.8000030517578,233.6999969482422,230.9499969482422,233.60000610351562
2024-03-14,11:15:00,233.4499969482422,233.4499969482422,230.0,230.4499969482422
2024-03-14,12:15:00,230.89999389648438,231.1999969482422,229.14999389648438,229.39999389648438
2024-03-14,13:15:00,230.0500030517578,231.89999389648438,229.10000610351562,229.60000610351562
2024-03-14,14:15:00,229.64999389648438,231.14999389648438,229.0,229.6999969482422
2024-03-14,15:15:00,229.14999389648438,229.1999969482422,226.0,228.39999389648438
2024-03-15,09:15:00,228.0,233.5,224.5,228.85000610351562
2024-03-15,10:15:00,228.64999389648438,230.35000610351562,226.14999389648438,227.4499969482422
2024-03-15,11:15:00,227.4499969482422,229.5500030517578,226.3000030517578,229.0500030517578
2024-03-15,12:15:00,229.5500030517578,231.10000610351562,229.5500030517578,230.85000610351562
2024-03-15,13:15:00,231.10000610351562,233.5500030517578,230.9499969482422,232.5
2024-03-15,14:15:00,233.3000030517578,234.5500030517578,230.75,231.5500030517578
2024-03-15,15:15:00,231.35000610351562,235.9499969482422,231.3000030517578,233.60000610351562
2024-03-18,09:15:00,233.60000610351562,235.4499969482422,231.75,234.6999969482422
2024-03-18,10:15:00,235.0,236.35000610351562,233.64999389648438,234.6999969482422
2024-03-18,11:15:00,234.1999969482422,234.5500030517578,232.1999969482422,232.9499969482422
2024-03-18,12:15:00,233.14999389648438,233.75,229.0500030517578,229.89999389648438
2024-03-18,13:15:00,229.1999969482422,232.25,229.1999969482422,231.0500030517578
2024-03-18,14:15:00,231.39999389648438,231.6999969482422,228.6999969482422,229.5500030517578
2024-03-18,15:15:00,229.5500030517578,230.0,226.89999389648438,228.75
2024-03-19,09:15:00,236.39999389648438,236.39999389648438,229.1999969482422,231.0500030517578
2024-03-19,10:15:00,231.4499969482422,231.4499969482422,229.5,229.9499969482422
2024-03-19,11:15:00,229.9499969482422,230.39999389648438,229.39999389648438,229.60000610351562
2024-03-19,12:15:00,229.60000610351562,230.60000610351562,229.0500030517578,229.75
2024-03-19,13:15:00,230.0,230.0,228.0500030517578,228.35000610351562
2024-03-19,14:15:00,228.5,229.0,225.0,225.39999389648438
2024-03-19,15:15:00,225.4499969482422,227.0500030517578,225.0,226.1999969482422
2024-03-20,09:15:00,228.10000610351562,231.1999969482422,225.5,226.35000610351562
2024-03-20,10:15:00,226.39999389648438,234.0500030517578,224.5,226.25
2024-03-20,11:15:00,226.89999389648438,227.0,224.6999969482422,225.0
2024-03-20,12:15:00,224.9499969482422,225.0500030517578,221.0,221.60000610351562
2024-03-20,13:15:00,222.10000610351562,224.0,220.25,222.0
2024-03-20,14:15:00,222.0,222.5,220.10000610351562,220.85000610351562
2024-03-20,15:15:00,220.85000610351562,221.0,220.10000610351562,221.0
2024-03-21,09:15:00,221.8000030517578,226.0,221.8000030517578,225.35000610351562
2024-03-21,10:15:00,225.35000610351562,225.64999389648438,224.4499969482422,225.10000610351562
2024-03-21,11:15:00,225.4499969482422,225.6999969482422,225.0,225.35000610351562
2024-03-21,12:15:00,225.25,226.89999389648438,225.25,226.0
2024-03-21,13:15:00,225.89999389648438,228.4499969482422,225.5,228.0
2024-03-21,14:15:00,228.0,230.3000030517578,228.0,230.0
2024-03-21,15:15:00,229.9499969482422,232.0,228.0,229.25
2024-03-22,09:15:00,229.64999389648438,232.25,227.5,228.0
2024-03-22,10:15:00,228.0,228.25,225.25,225.64999389648438
2024-03-22,11:15:00,225.64999389648438,225.9499969482422,224.0,225.0
2024-03-22,12:15:00,225.0,225.5500030517578,223.1999969482422,223.5
2024-03-22,13:15:00,223.9499969482422,225.3000030517578,223.0,223.35000610351562
2024-03-22,14:15:00,223.6999969482422,224.8000030517578,223.0,224.0
2024-03-22,15:15:00,224.0,224.35000610351562,223.10000610351562,224.0
2024-03-26,09:15:00,224.9499969482422,226.35000610351562,218.0,219.39999389648438
2024-03-26,10:15:00,219.39999389648438,219.6999969482422,213.64999389648438,215.89999389648438
2024-03-26,11:15:00,216.39999389648438,216.9499969482422,215.10000610351562,215.5
2024-03-26,12:15:00,215.5,216.64999389648438,214.75,216.5
2024-03-26,13:15:00,216.39999389648438,218.35000610351562,215.5,215.8000030517578
2024-03-26,14:15:00,215.75,215.85000610351562,213.0,213.60000610351562
2024-03-26,15:15:00,213.35000610351562,216.5,213.35000610351562,215.0
2024-03-27,09:15:00,216.0,223.1999969482422,214.0500030517578,217.4499969482422
2024-03-27,10:15:00,217.89999389648438,218.8000030517578,215.75,216.4499969482422
2024-03-27,11:15:00,216.4499969482422,217.25,215.25,216.89999389648438
2024-03-27,12:15:00,216.85000610351562,220.75,216.75,219.89999389648438
2024-03-27,13:15:00,220.0500030517578,221.60000610351562,219.0500030517578,220.0
2024-03-27,14:15:00,219.60000610351562,220.60000610351562,215.85000610351562,215.89999389648438
2024-03-27,15:15:00,215.89999389648438,217.89999389648438,215.14999389648438,216.9499969482422
2024-03-28,09:15:00,220.14999389648438,221.25,218.0500030517578,221.0
2024-03-28,10:15:00,221.0,225.1999969482422,221.0,223.89999389648438
2024-03-28,11:15:00,224.0,224.60000610351562,221.60000610351562,222.64999389648438
2024-03-28,12:15:00,222.64999389648438,223.8000030517578,221.5,221.85000610351562
2024-03-28,13:15:00,221.8000030517578,222.9499969482422,221.5,222.9499969482422
2024-03-28,14:15:00,222.3000030517578,223.0,217.6999969482422,220.4499969482422
2024-03-28,15:15:00,220.4499969482422,222.89999389648438,219.0,221.0
2024-04-01,09:15:00,223.35000610351562,234.0500030517578,223.35000610351562,233.5500030517578
2024-04-01,10:15:00,233.5,233.9499969482422,232.0,232.60000610351562
2024-04-01,11:15:00,232.60000610351562,234.0,232.39999389648438,233.9499969482422
2024-04-01,12:15:00,233.60000610351562,236.25,233.4499969482422,235.8000030517578
2024-04-01,13:15:00,235.85000610351562,236.6999969482422,235.39999389648438,236.0
2024-04-01,14:15:00,235.8000030517578,237.89999389648438,235.10000610351562,236.0500030517578
2024-04-01,15:15:00,236.0,239.0,235.9499969482422,236.85000610351562
2024-04-02,09:15:00,240.9499969482422,240.9499969482422,236.35000610351562,238.89999389648438
2024-04-02,10:15:00,238.5500030517578,239.9499969482422,237.8000030517578,238.9499969482422
2024-04-02,11:15:00,238.3000030517578,239.0,237.1999969482422,237.1999969482422
2024-04-02,12:15:00,237.25,238.0,237.0,238.0
2024-04-02,13:15:00,238.0,238.0,237.60000610351562,238.0
2024-04-02,14:15:00,238.0,240.39999389648438,237.0500030517578,240.10000610351562
2024-04-02,15:15:00,239.75,240.5,238.5,239.10000610351562
2024-04-03,09:15:00,240.0,242.64999389648438,235.85000610351562,241.1999969482422
2024-04-03,10:15:00,240.8000030517578,244.10000610351562,239.75,244.0
2024-04-03,11:15:00,244.5,245.9499969482422,243.5,245.4499969482422
2024-04-03,12:15:00,245.8000030517578,248.25,245.1999969482422,247.0500030517578
2024-04-03,13:15:00,247.0,247.1999969482422,244.64999389648438,245.60000610351562
2024-04-03,14:15:00,245.10000610351562,247.5500030517578,244.5,247.35000610351562
2024-04-03,15:15:00,247.0500030517578,252.25,244.0,252.0
2024-04-04,09:15:00,250.60000610351562,252.1999969482422,249.10000610351562,251.39999389648438
2024-04-04,10:15:00,250.8000030517578,251.75,249.3000030517578,249.89999389648438
2024-04-04,11:15:00,250.0,251.39999389648438,249.5500030517578,249.89999389648438
2024-04-04,12:15:00,250.0,251.8000030517578,249.5500030517578,250.5
2024-04-04,13:15:00,250.89999389648438,251.89999389648438,250.0,251.64999389648438
2024-04-04,14:15:00,251.35000610351562,252.0,250.10000610351562,250.14999389648438
2024-04-04,15:15:00,250.14999389648438,251.6999969482422,250.0,250.5
2024-04-05,09:15:00,250.0,250.0,243.8000030517578,246.85000610351562
2024-04-05,10:15:00,246.85000610351562,249.25,246.5,249.1999969482422
2024-04-05,11:15:00,248.9499969482422,252.3000030517578,247.9499969482422,252.1999969482422
2024-04-05,12:15:00,251.9499969482422,253.4499969482422,251.6999969482422,252.3000030517578
2024-04-05,13:15:00,252.3000030517578,252.85000610351562,252.0500030517578,252.5
2024-04-05,14:15:00,252.0,255.0,251.60000610351562,254.6999969482422
2024-04-05,15:15:00,254.89999389648438,255.0,254.6999969482422,254.6999969482422
2024-04-08,09:15:00,256.3500061035156,259.04998779296875,256.0,256.29998779296875
2024-04-08,10:15:00,256.45001220703125,257.8999938964844,255.5500030517578,255.5500030517578
2024-04-08,11:15:00,255.85000610351562,255.9499969482422,253.0,254.5
2024-04-08,12:15:00,253.9499969482422,257.6000061035156,253.9499969482422,255.9499969482422
2024-04-08,13:15:00,255.9499969482422,257.25,255.89999389648438,257.04998779296875
2024-04-08,14:15:00,257.04998779296875,259.6499938964844,255.9499969482422,259.5
2024-04-08,15:15:00,259.5,259.95001220703125,256.1000061035156,258.6499938964844
2024-04-09,09:15:00,261.8500061035156,261.8500061035156,254.0,254.3000030517578
2024-04-09,10:15:00,254.5,255.89999389648438,254.0,254.4499969482422
2024-04-09,11:15:00,254.4499969482422,254.5,253.0,253.1999969482422
2024-04-09,12:15:00,253.25,253.4499969482422,250.5,252.5
2024-04-09,13:15:00,252.5,254.25,252.3000030517578,252.64999389648438
2024-04-09,14:15:00,252.9499969482422,253.3000030517578,251.64999389648438,252.1999969482422
2024-04-09,15:15:00,252.0,252.9499969482422,250.0500030517578,251.4499969482422
2024-04-10,09:15:00,255.1999969482422,255.1999969482422,251.0,251.6999969482422
2024-04-10,10:15:00,251.3000030517578,251.39999389648438,250.10000610351562,251.10000610351562
2024-04-10,11:15:00,251.39999389648438,251.85000610351562,250.14999389648438,251.75
2024-04-10,12:15:00,251.8000030517578,252.5500030517578,249.39999389648438,249.85000610351562
2024-04-10,13:15:00,249.60000610351562,250.4499969482422,249.1999969482422,249.5500030517578
2024-04-10,14:15:00,249.9499969482422,250.25,248.6999969482422,250.10000610351562
2024-04-10,15:15:00,250.35000610351562,250.9499969482422,249.0,249.85000610351562
2024-04-12,09:15:00,250.64999389648438,251.0,244.0,246.4499969482422
2024-04-12,10:15:00,246.10000610351562,247.6999969482422,244.0,247.0
2024-04-12,11:15:00,246.3000030517578,247.3000030517578,245.39999389648438,246.60000610351562
2024-04-12,12:15:00,246.64999389648438,246.85000610351562,245.5,245.60000610351562
2024-04-12,13:15:00,249.14999389648438,249.14999389648438,245.8000030517578,246.25
2024-04-12,14:15:00,246.0500030517578,250.14999389648438,245.9499969482422,249.3000030517578
2024-04-12,15:15:00,249.25,251.89999389648438,249.0500030517578,251.25
2024-04-15,09:15:00,247.89999389648438,248.9499969482422,239.4499969482422,245.89999389648438
2024-04-15,10:15:00,245.9499969482422,254.1999969482422,245.0500030517578,254.1999969482422
2024-04-15,11:15:00,255.0,257.8999938964844,251.5,252.10000610351562
2024-04-15,12:15:00,252.8000030517578,256.20001220703125,252.8000030517578,253.8000030517578
2024-04-15,13:15:00,253.8000030517578,255.9499969482422,253.5500030517578,255.89999389648438
2024-04-15,14:15:00,255.89999389648438,258.0,255.0,257.0
2024-04-15,15:15:00,257.5,258.0,255.0,256.6000061035156
2024-04-16,09:15:00,250.0,258.6000061035156,250.0,258.0
2024-04-16,10:15:00,257.95001220703125,259.8500061035156,255.5,255.85000610351562
2024-04-16,11:15:00,256.25,257.45001220703125,253.5500030517578,253.9499969482422
2024-04-16,12:15:00,253.9499969482422,272.0,252.0,265.95001220703125
2024-04-16,13:15:00,265.8999938964844,270.3999938964844,262.6499938964844,268.6000061035156
2024-04-16,14:15:00,268.95001220703125,269.6499938964844,262.54998779296875,263.20001220703125
2024-04-16,15:15:00,262.95001220703125,265.70001220703125,262.8999938964844,265.0
2024-04-18,09:15:00,267.75,268.1000061035156,263.0,263.3999938964844
2024-04-18,10:15:00,263.70001220703125,264.0,262.5,263.04998779296875
2024-04-18,11:15:00,263.04998779296875,263.70001220703125,262.0,262.3500061035156
2024-04-18,12:15:00,262.6499938964844,264.45001220703125,261.6000061035156,261.8500061035156
2024-04-18,13:15:00,262.04998779296875,262.6000061035156,261.0,261.6499938964844
2024-04-18,14:15:00,262.0,262.8999938964844,256.0,256.3999938964844
2024-04-18,15:15:00,256.6499938964844,258.0,255.5500030517578,258.0
2024-04-19,09:15:00,254.0,254.85000610351562,250.5,252.0
2024-04-19,10:15:00,252.0,252.39999389648438,248.25,248.8000030517578
2024-04-19,11:15:00,248.8000030517578,250.4499969482422,248.0,250.0
2024-04-19,12:15:00,250.0,250.0,248.60000610351562,249.9499969482422
2024-04-19,13:15:00,249.6999969482422,250.39999389648438,249.0500030517578,250.0
2024-04-19,14:15:00,249.9499969482422,250.0,249.10000610351562,249.6999969482422
2024-04-19,15:15:00,249.64999389648438,249.9499969482422,248.8000030517578,249.64999389648438
2024-04-22,09:15:00,258.0,258.0,249.0,251.1999969482422
2024-04-22,10:15:00,251.1999969482422,251.5,249.85000610351562,250.39999389648438
2024-04-22,11:15:00,250.10000610351562,250.5,249.3000030517578,250.25
2024-04-22,12:15:00,250.0,251.89999389648438,249.39999389648438,249.9499969482422
2024-04-22,13:15:00,249.85000610351562,254.0,249.8000030517578,251.5
2024-04-22,14:15:00,251.3000030517578,252.6999969482422,250.0500030517578,251.25
2024-04-22,15:15:00,251.1999969482422,253.9499969482422,250.0,252.0
2024-04-23,09:15:00,251.0,259.25,251.0,253.3000030517578
2024-04-23,10:15:00,253.5,253.9499969482422,249.60000610351562,250.35000610351562
2024-04-23,11:15:00,250.4499969482422,253.0,250.0,252.4499969482422
2024-04-23,12:15:00,252.60000610351562,253.0,251.89999389648438,251.89999389648438
2024-04-23,13:15:00,252.0,252.6999969482422,251.0,251.89999389648438
2024-04-23,14:15:00,252.25,252.4499969482422,250.0500030517578,251.5500030517578
2024-04-23,15:15:00,251.39999389648438,252.0,250.6999969482422,251.39999389648438
2024-04-24,09:15:00,252.85000610351562,255.0,251.4499969482422,253.5500030517578
2024-04-24,10:15:00,253.1999969482422,253.6999969482422,250.8000030517578,252.85000610351562
2024-04-24,11:15:00,252.85000610351562,255.5,252.3000030517578,253.60000610351562
2024-04-24,12:15:00,253.60000610351562,253.8000030517578,249.10000610351562,251.0
2024-04-24,13:15:00,251.25,253.5,251.0,253.5
2024-04-24,14:15:00,253.5,257.5,253.5,256.75
2024-04-24,15:15:00,256.45001220703125,257.5,255.3000030517578,256.8500061035156
2024-04-25,09:15:00,257.75,262.79998779296875,256.25,262.0
2024-04-25,10:15:00,262.20001220703125,263.0,259.5,260.0
2024-04-25,11:15:00,260.0,260.25,258.95001220703125,259.3500061035156
2024-04-25,12:15:00,259.1499938964844,259.3500061035156,256.79998779296875,258.79998779296875
2024-04-25,13:15:00,258.79998779296875,260.0,257.75,258.3500061035156
2024-04-25,14:15:00,258.3500061035156,258.70001220703125,255.85000610351562,256.75
2024-04-25,15:15:00,256.75,259.95001220703125,255.10000610351562,256.25
2024-04-26,09:15:00,258.79998779296875,266.79998779296875,258.04998779296875,263.54998779296875
2024-04-26,10:15:00,263.45001220703125,265.0,261.04998779296875,261.5
2024-04-26,11:15:00,262.04998779296875,262.45001220703125,256.20001220703125,256.95001220703125
2024-04-26,12:15:00,256.95001220703125,257.5,254.64999389648438,257.04998779296875
2024-04-26,13:15:00,257.1000061035156,257.1000061035156,253.89999389648438,254.75
2024-04-26,14:15:00,254.8000030517578,256.3500061035156,254.4499969482422,256.04998779296875
2024-04-26,15:15:00,256.1499938964844,256.95001220703125,254.14999389648438,255.39999389648438
2024-04-29,09:15:00,257.79998779296875,262.3500061035156,256.1000061035156,256.3999938964844
2024-04-29,10:15:00,256.1499938964844,256.5,253.6999969482422,254.39999389648438
2024-04-29,11:15:00,254.35000610351562,256.20001220703125,253.3000030517578,255.89999389648438
2024-04-29,12:15:00,255.89999389648438,258.0,255.4499969482422,257.3500061035156
2024-04-29,13:15:00,257.79998779296875,258.1000061035156,256.8999938964844,257.54998779296875
2024-04-29,14:15:00,257.70001220703125,259.6000061035156,255.9499969482422,256.95001220703125
2024-04-29,15:15:00,256.8999938964844,257.0,254.0,254.0500030517578
2024-04-30,09:15:00,256.5,260.0,256.5,258.45001220703125
2024-04-30,10:15:00,258.45001220703125,259.95001220703125,258.1499938964844,258.5
2024-04-30,11:15:00,258.3500061035156,267.5,258.3500061035156,266.04998779296875
2024-04-30,12:15:00,266.0,268.54998779296875,265.20001220703125,265.3999938964844
2024-04-30,13:15:00,265.79998779296875,267.1000061035156,263.0,265.3999938964844
2024-04-30,14:15:00,265.45001220703125,265.5,263.0,264.5
2024-04-30,15:15:00,264.5,265.8999938964844,263.3500061035156,264.1000061035156
2024-05-02,09:15:00,270.0,276.25,269.5,274.0
2024-05-02,10:15:00,274.0,283.0,273.04998779296875,280.29998779296875
2024-05-02,11:15:00,280.70001220703125,281.79998779296875,276.75,280.0
2024-05-02,12:15:00,279.6000061035156,284.0,278.54998779296875,281.20001220703125
2024-05-02,13:15:00,281.79998779296875,282.1499938964844,279.0,280.5
2024-05-02,14:15:00,280.95001220703125,283.0,280.95001220703125,282.0
2024-05-02,15:15:00,281.6499938964844,284.0,281.45001220703125,284.0
2024-05-03,09:15:00,305.0,312.1000061035156,290.04998779296875,291.5
2024-05-03,10:15:00,291.5,291.5,288.1499938964844,289.8999938964844
2024-05-03,11:15:00,289.95001220703125,289.95001220703125,286.1000061035156,287.25
2024-05-03,12:15:00,287.25,287.45001220703125,283.5,285.79998779296875
2024-05-03,13:15:00,285.75,286.70001220703125,282.8500061035156,286.1000061035156
2024-05-03,14:15:00,286.1000061035156,289.70001220703125,285.5,286.70001220703125
2024-05-03,15:15:00,286.70001220703125,286.8500061035156,276.8500061035156,281.8999938964844
2024-05-06,09:15:00,296.1499938964844,296.1499938964844,277.5,279.1000061035156
2024-05-06,10:15:00,279.1000061035156,280.8500061035156,274.6499938964844,278.75
2024-05-06,11:15:00,278.75,280.6000061035156,272.8500061035156,275.5
2024-05-06,12:15:00,275.0,277.0,271.79998779296875,271.79998779296875
2024-05-06,13:15:00,271.8999938964844,274.79998779296875,271.8999938964844,272.8999938964844
2024-05-06,14:15:00,272.8500061035156,273.75,268.8500061035156,269.25
2024-05-06,15:15:00,269.25,271.6499938964844,268.20001220703125,270.54998779296875
2024-05-07,09:15:00,273.04998779296875,274.75,267.5,268.3999938964844
2024-05-07,10:15:00,268.3999938964844,271.1000061035156,265.5,267.54998779296875
2024-05-07,11:15:00,267.45001220703125,267.5,264.1000061035156,264.95001220703125
2024-05-07,12:15:00,264.79998779296875,266.0,262.6000061035156,263.70001220703125
2024-05-07,13:15:00,263.70001220703125,267.1499938964844,263.29998779296875,265.8500061035156
2024-05-07,14:15:00,265.8500061035156,265.8999938964844,263.79998779296875,263.8500061035156
2024-05-07,15:15:00,263.8999938964844,264.54998779296875,261.20001220703125,261.79998779296875
2024-05-08,09:15:00,263.5,267.3500061035156,259.1000061035156,263.3999938964844
2024-05-08,10:15:00,263.3999938964844,263.5,259.0,260.0
2024-05-08,11:15:00,259.5,262.54998779296875,259.25,260.0
2024-05-08,12:15:00,260.0,264.0,259.8999938964844,262.54998779296875
2024-05-08,13:15:00,262.20001220703125,263.3999938964844,260.25,261.1499938964844
2024-05-08,14:15:00,261.6000061035156,261.6000061035156,259.1000061035156,260.8999938964844
2024-05-08,15:15:00,260.1499938964844,260.5,259.0,259.04998779296875
2024-05-09,09:15:00,260.8999938964844,261.54998779296875,253.3000030517578,253.75
2024-05-09,10:15:00,253.85000610351562,257.29998779296875,253.3000030517578,257.29998779296875
2024-05-09,11:15:00,257.75,263.3999938964844,256.0,260.8999938964844
2024-05-09,12:15:00,259.75,263.25,257.25,257.8500061035156
2024-05-09,13:15:00,257.8999938964844,260.95001220703125,257.3999938964844,260.5
2024-05-09,14:15:00,260.0,260.0,257.0,258.5
2024-05-09,15:15:00,258.45001220703125,259.6000061035156,257.04998779296875,259.0
2024-05-10,09:15:00,259.04998779296875,262.75,256.75,261.79998779296875
2024-05-10,10:15:00,261.79998779296875,262.75,258.3999938964844,260.04998779296875
2024-05-10,11:15:00,260.1000061035156,260.25,258.54998779296875,258.54998779296875
2024-05-10,12:15:00,258.54998779296875,260.0,258.29998779296875,259.3500061035156
2024-05-10,13:15:00,259.3500061035156,259.8500061035156,258.45001220703125,258.70001220703125
2024-05-10,14:15:00,258.25,260.5,257.5,258.04998779296875
2024-05-10,15:15:00,258.20001220703125,260.5,258.0,258.95001220703125
2024-05-13,09:15:00,260.8999938964844,260.8999938964844,252.60000610351562,253.89999389648438
2024-05-13,10:15:00,253.6999969482422,255.0,252.0,253.5500030517578
2024-05-13,11:15:00,253.5,256.8999938964844,252.6999969482422,255.14999389648438
2024-05-13,12:15:00,254.75,261.6000061035156,253.85000610351562,260.5
2024-05-13,13:15:00,260.04998779296875,260.8999938964844,257.3500061035156,260.1000061035156
2024-05-13,14:15:00,260.54998779296875,264.75,260.5,261.95001220703125
2024-05-13,15:15:00,261.95001220703125,262.6000061035156,260.04998779296875,261.75
2024-05-14,09:15:00,263.45001220703125,270.5,261.29998779296875,265.45001220703125
2024-05-14,10:15:00,265.1000061035156,269.0,264.29998779296875,268.25
2024-05-14,11:15:00,268.54998779296875,268.95001220703125,267.3999938964844,268.70001220703125
2024-05-14,12:15:00,268.5,268.6000061035156,267.6000061035156,268.04998779296875
2024-05-14,13:15:00,268.54998779296875,268.6000061035156,265.04998779296875,267.5
2024-05-14,14:15:00,266.5,268.54998779296875,265.29998779296875,266.25
2024-05-14,15:15:00,266.3999938964844,268.0,266.0,267.1499938964844
2024-05-15,09:15:00,269.0,269.0,263.3500061035156,264.25
2024-05-15,10:15:00,264.0,267.6499938964844,263.1000061035156,267.5
2024-05-15,11:15:00,267.3999938964844,268.8999938964844,267.20001220703125,268.0
2024-05-15,12:15:00,268.3999938964844,268.75,267.04998779296875,268.5
2024-05-15,13:15:00,268.5,268.5,266.45001220703125,266.5
2024-05-15,14:15:00,266.5,266.54998779296875,263.0,265.0
2024-05-15,15:15:00,265.04998779296875,265.04998779296875,263.0,265.0
2024-05-16,09:15:00,267.0,270.79998779296875,265.6499938964844,268.3500061035156
2024-05-16,10:15:00,268.75,275.0,267.79998779296875,272.95001220703125
2024-05-16,11:15:00,272.8500061035156,273.0,270.8500061035156,272.75
2024-05-16,12:15:00,272.6000061035156,273.0,271.54998779296875,272.1499938964844
2024-05-16,13:15:00,271.29998779296875,272.79998779296875,270.3500061035156,271.95001220703125
2024-05-16,14:15:00,272.3500061035156,274.8999938964844,270.3999938964844,270.8999938964844
2024-05-16,15:15:00,270.79998779296875,271.1000061035156,270.0,271.1000061035156
2024-05-17,09:15:00,270.0,274.5,270.0,272.0
2024-05-17,10:15:00,272.1000061035156,273.5,271.5,273.5
2024-05-17,11:15:00,273.5,275.95001220703125,273.5,274.04998779296875
2024-05-17,12:15:00,274.0,278.3999938964844,273.79998779296875,275.75
2024-05-17,13:15:00,275.6499938964844,277.3999938964844,275.6499938964844,276.5
2024-05-17,14:15:00,276.1000061035156,279.5,276.04998779296875,276.5
2024-05-17,15:15:00,276.70001220703125,277.3999938964844,276.0,276.6000061035156
2024-05-21,09:15:00,283.0,283.0,276.29998779296875,278.1499938964844
2024-05-21,10:15:00,278.3999938964844,280.29998779296875,275.0,280.1499938964844
2024-05-21,11:15:00,280.6000061035156,281.0,277.54998779296875,277.6499938964844
2024-05-21,12:15:00,277.6499938964844,278.8999938964844,277.04998779296875,278.45001220703125
2024-05-21,13:15:00,278.20001220703125,283.0,277.6499938964844,280.45001220703125
2024-05-21,14:15:00,280.1000061035156,281.04998779296875,277.3999938964844,278.1000061035156
2024-05-21,15:15:00,278.6000061035156,278.6000061035156,276.20001220703125,278.3500061035156
2024-05-22,09:15:00,276.70001220703125,277.95001220703125,273.04998779296875,276.29998779296875
2024-05-22,10:15:00,276.29998779296875,278.3999938964844,273.8999938964844,274.5
2024-05-22,11:15:00,274.3999938964844,274.6499938964844,273.45001220703125,274.29998779296875
2024-05-22,12:15:00,275.1499938964844,276.8999938964844,274.29998779296875,276.75
2024-05-22,13:15:00,276.45001220703125,276.6000061035156,274.75,275.70001220703125
2024-05-22,14:15:00,275.3999938964844,288.3500061035156,275.1000061035156,285.3500061035156
2024-05-22,15:15:00,285.3500061035156,285.95001220703125,281.6000061035156,281.6000061035156
2024-05-23,09:15:00,287.5,287.5,279.25,280.0
2024-05-23,10:15:00,280.04998779296875,280.3999938964844,277.75,278.3999938964844
2024-05-23,11:15:00,278.6000061035156,279.0,277.25,277.5
2024-05-23,12:15:00,277.5,277.5,276.45001220703125,276.45001220703125
2024-05-23,13:15:00,276.8999938964844,278.95001220703125,276.8999938964844,278.75
2024-05-23,14:15:00,278.25,279.95001220703125,277.8999938964844,278.5
2024-05-23,15:15:00,278.8500061035156,284.0,278.1000061035156,280.54998779296875
2024-05-24,09:15:00,283.6000061035156,284.1499938964844,279.04998779296875,281.3500061035156
2024-05-24,10:15:00,281.75,283.0,280.29998779296875,282.1000061035156
2024-05-24,11:15:00,282.1499938964844,282.29998779296875,281.20001220703125,281.75
2024-05-24,12:15:00,281.25,284.3500061035156,281.25,282.29998779296875
2024-05-24,13:15:00,282.5,282.5,281.5,281.5
2024-05-24,14:15:00,281.54998779296875,282.0,279.04998779296875,281.29998779296875
2024-05-24,15:15:00,281.3500061035156,283.8999938964844,278.54998779296875,279.8500061035156
2024-05-27,09:15:00,281.6499938964844,281.6499938964844,273.6499938964844,275.04998779296875
2024-05-27,10:15:00,274.8999938964844,275.20001220703125,274.54998779296875,275.0
2024-05-27,11:15:00,274.75,276.0,274.3999938964844,274.3999938964844
2024-05-27,12:15:00,274.3999938964844,275.3999938964844,274.1499938964844,275.0
2024-05-27,13:15:00,275.0,275.1000061035156,274.5,274.95001220703125
2024-05-27,14:15:00,274.95001220703125,275.1000061035156,273.0,274.25
2024-05-27,15:15:00,274.25,274.25,273.54998779296875,274.1499938964844
2024-05-28,09:15:00,275.1499938964844,276.3999938964844,270.8500061035156,271.3999938964844
2024-05-28,10:15:00,271.3999938964844,272.8500061035156,271.25,272.3500061035156
2024-05-28,11:15:00,272.3500061035156,272.3500061035156,270.29998779296875,271.29998779296875
2024-05-28,12:15:00,271.20001220703125,271.6000061035156,266.3500061035156,267.8999938964844
2024-05-28,13:15:00,268.1000061035156,269.0,267.5,267.8999938964844
2024-05-28,14:15:00,267.8999938964844,268.45001220703125,266.5,266.6000061035156
2024-05-28,15:15:00,266.6000061035156,267.70001220703125,265.6000061035156,266.5
2024-05-29,09:15:00,266.70001220703125,268.8500061035156,265.5,265.8999938964844
2024-05-29,10:15:00,265.6499938964844,266.0,263.1000061035156,263.79998779296875
2024-05-29,11:15:00,263.70001220703125,265.8500061035156,263.54998779296875,264.29998779296875
2024-05-29,12:15:00,264.75,265.04998779296875,263.3999938964844,265.04998779296875
2024-05-29,13:15:00,265.04998779296875,266.70001220703125,264.6000061035156,266.20001220703125
2024-05-29,14:15:00,267.3500061035156,267.3500061035156,263.25,264.0
2024-05-29,15:15:00,264.0,264.79998779296875,261.1499938964844,263.8999938964844
2024-05-30,09:15:00,275.0,282.5,273.6499938964844,274.79998779296875
2024-05-30,10:15:00,274.75,276.5,274.0,276.45001220703125
2024-05-30,11:15:00,276.5,278.5,274.70001220703125,274.70001220703125
2024-05-30,12:15:00,274.6499938964844,280.0,274.6499938964844,279.0
2024-05-30,13:15:00,278.70001220703125,280.5,278.1000061035156,279.04998779296875
2024-05-30,14:15:00,279.20001220703125,280.0,277.6000061035156,279.70001220703125
2024-05-30,15:15:00,279.70001220703125,280.0,279.0,279.0
2024-05-31,09:15:00,287.75,290.0,279.6000061035156,281.6499938964844
2024-05-31,10:15:00,281.70001220703125,284.5,279.75,281.95001220703125
2024-05-31,11:15:00,281.79998779296875,283.5,280.5,282.79998779296875
2024-05-31,12:15:00,282.8500061035156,283.1000061035156,280.70001220703125,283.1000061035156
2024-05-31,13:15:00,283.04998779296875,284.54998779296875,282.6000061035156,283.95001220703125
2024-05-31,14:15:00,283.95001220703125,284.95001220703125,283.0,284.0
2024-05-31,15:15:00,284.0,284.70001220703125,283.0,284.0
2024-06-03,09:15:00,298.20001220703125,298.20001220703125,287.79998779296875,289.70001220703125
2024-06-03,10:15:00,289.6499938964844,290.75,287.3999938964844,287.8500061035156
2024-06-03,11:15:00,288.1000061035156,290.1000061035156,286.0,287.8500061035156
2024-06-03,12:15:00,287.54998779296875,288.75,286.04998779296875,287.0
2024-06-03,13:15:00,287.0,293.1499938964844,286.54998779296875,288.6000061035156
2024-06-03,14:15:00,288.54998779296875,293.6000061035156,288.0,289.0
2024-06-03,15:15:00,289.0,289.0,286.0,288.54998779296875
2024-06-04,09:15:00,287.8500061035156,288.79998779296875,272.0,285.5
2024-06-04,10:15:00,285.20001220703125,286.45001220703125,254.9499969482422,263.0
2024-06-04,11:15:00,262.45001220703125,265.29998779296875,253.8000030517578,253.8000030517578
2024-06-04,12:15:00,254.0500030517578,267.8999938964844,241.0,267.8999938964844
2024-06-04,13:15:00,268.0,273.6499938964844,267.70001220703125,270.6499938964844
2024-06-04,14:15:00,270.75,270.75,261.0,263.6499938964844
2024-06-04,15:15:00,263.45001220703125,268.0,259.8999938964844,262.70001220703125
2024-06-05,09:15:00,263.8500061035156,279.0,262.29998779296875,274.6000061035156
2024-06-05,10:15:00,274.6000061035156,276.8999938964844,272.6499938964844,276.8999938964844
2024-06-05,11:15:00,276.54998779296875,279.95001220703125,274.04998779296875,276.3999938964844
2024-06-05,12:15:00,276.45001220703125,276.79998779296875,274.54998779296875,276.0
2024-06-05,13:15:00,276.0,278.79998779296875,275.04998779296875,278.29998779296875
2024-06-05,14:15:00,277.79998779296875,279.1499938964844,277.70001220703125,279.0
2024-06-05,15:15:00,279.20001220703125,279.20001220703125,277.70001220703125,278.3999938964844
2024-06-06,09:15:00,281.20001220703125,284.3999938964844,278.6499938964844,280.04998779296875
2024-06-06,10:15:00,279.75,282.95001220703125,279.1000061035156,281.0
2024-06-06,11:15:00,281.0,282.6000061035156,279.5,280.0
2024-06-06,12:15:00,280.1499938964844,280.5,277.04998779296875,277.79998779296875
2024-06-06,13:15:00,278.0,278.3999938964844,276.54998779296875,277.54998779296875
2024-06-06,14:15:00,277.8999938964844,280.20001220703125,277.1000061035156,279.95001220703125
2024-06-06,15:15:00,279.8500061035156,280.20001220703125,277.25,279.8999938964844
2024-06-07,09:15:00,280.0,285.8500061035156,279.75,281.8999938964844
2024-06-07,10:15:00,282.0,282.0,279.04998779296875,280.5
2024-06-07,11:15:00,280.3999938964844,285.45001220703125,280.3999938964844,283.1000061035156
2024-06-07,12:15:00,282.54998779296875,283.20001220703125,279.5,279.54998779296875
2024-06-07,13:15:00,280.25,282.5,278.8500061035156,279.25
2024-06-07,14:15:00,279.20001220703125,283.45001220703125,278.70001220703125,279.8999938964844
2024-06-07,15:15:00,279.8999938964844,280.0,279.0,279.75
2024-06-10,09:15:00,281.70001220703125,282.79998779296875,277.45001220703125,278.95001220703125
2024-06-10,10:15:00,279.0,280.3999938964844,277.6499938964844,279.75
2024-06-10,11:15:00,279.70001220703125,280.79998779296875,278.3999938964844,278.79998779296875
2024-06-10,12:15:00,278.75,279.8500061035156,278.0,278.0
2024-06-10,13:15:00,278.04998779296875,278.95001220703125,277.6499938964844,278.5
2024-06-10,14:15:00,278.5,278.79998779296875,276.79998779296875,277.0
2024-06-10,15:15:00,277.0,277.0,276.0,276.5
2024-06-11,09:15:00,279.95001220703125,280.0,274.25,278.0
2024-06-11,10:15:00,277.95001220703125,279.95001220703125,277.3999938964844,279.20001220703125
2024-06-11,11:15:00,279.20001220703125,279.20001220703125,276.1000061035156,276.8999938964844
2024-06-11,12:15:00,276.95001220703125,277.5,276.5,276.8999938964844
2024-06-11,13:15:00,276.75,276.75,274.5,275.1499938964844
2024-06-11,14:15:00,275.45001220703125,276.5,274.1499938964844,274.1499938964844
2024-06-11,15:15:00,274.20001220703125,276.25,274.04998779296875,275.1499938964844
2024-06-12,09:15:00,275.45001220703125,280.45001220703125,275.45001220703125,279.70001220703125
2024-06-12,10:15:00,279.95001220703125,280.0,279.0,279.95001220703125
2024-06-12,11:15:00,279.70001220703125,279.8999938964844,278.0,278.45001220703125
2024-06-12,12:15:00,278.1000061035156,279.79998779296875,276.8999938964844,277.75
2024-06-12,13:15:00,277.8500061035156,278.3500061035156,275.45001220703125,275.6499938964844
2024-06-12,14:15:00,275.6000061035156,277.70001220703125,275.5,276.75
2024-06-12,15:15:00,277.04998779296875,277.29998779296875,276.5,276.5
2024-06-13,09:15:00,279.5,279.8999938964844,276.8999938964844,278.8500061035156
2024-06-13,10:15:00,278.79998779296875,280.75,277.04998779296875,280.5
2024-06-13,11:15:00,280.3999938964844,281.04998779296875,276.8999938964844,277.95001220703125
2024-06-13,12:15:00,278.0,279.1499938964844,278.0,278.79998779296875
2024-06-13,13:15:00,278.79998779296875,279.1000061035156,277.29998779296875,277.29998779296875
2024-06-13,14:15:00,277.29998779296875,277.54998779296875,275.5,276.6000061035156
2024-06-13,15:15:00,276.45001220703125,278.0,275.6000061035156,276.20001220703125
2024-06-14,09:15:00,276.29998779296875,277.79998779296875,275.54998779296875,277.0
2024-06-14,10:15:00,277.0,277.75,276.5,277.3999938964844
2024-06-14,11:15:00,277.3999938964844,279.0,276.5,276.54998779296875
2024-06-14,12:15:00,276.6499938964844,277.6000061035156,276.5,276.79998779296875
2024-06-14,13:15:00,276.79998779296875,279.1000061035156,276.79998779296875,277.95001220703125
2024-06-14,14:15:00,277.8999938964844,279.20001220703125,277.25,278.3999938964844
2024-06-14,15:15:00,278.1499938964844,278.79998779296875,276.70001220703125,278.54998779296875
2024-06-18,09:15:00,280.0,280.70001220703125,275.04998779296875,275.20001220703125
2024-06-18,10:15:00,275.3500061035156,275.3500061035156,272.0,273.29998779296875
2024-06-18,11:15:00,273.29998779296875,274.0,272.5,272.54998779296875
2024-06-18,12:15:00,272.6000061035156,275.25,272.5,273.5
2024-06-18,13:15:00,273.5,273.95001220703125,269.6499938964844,271.5
2024-06-18,14:15:00,271.5,271.95001220703125,270.1000061035156,270.1000061035156
2024-06-18,15:15:00,270.45001220703125,271.25,269.20001220703125,270.0
2024-06-19,09:15:00,275.3999938964844,278.0,268.6000061035156,271.0
2024-06-19,10:15:00,271.54998779296875,272.25,268.1000061035156,269.6499938964844
2024-06-19,11:15:00,269.75,273.20001220703125,269.75,272.79998779296875
2024-06-19,12:15:00,272.54998779296875,274.75,270.75,272.8500061035156
2024-06-19,13:15:00,272.8999938964844,273.1499938964844,272.04998779296875,272.6000061035156
2024-06-19,14:15:00,272.6000061035156,273.5,268.8500061035156,270.0
2024-06-19,15:15:00,270.6000061035156,271.8999938964844,268.8999938964844,269.70001220703125
2024-06-20,09:15:00,273.8999938964844,273.8999938964844,269.0,269.25
2024-06-20,10:15:00,269.6000061035156,274.75,269.25,274.45001220703125
2024-06-20,11:15:00,274.3999938964844,275.95001220703125,274.0,275.04998779296875
2024-06-20,12:15:00,274.5,276.0,273.70001220703125,276.0
2024-06-20,13:15:00,276.0,277.70001220703125,273.1499938964844,274.79998779296875
2024-06-20,14:15:00,275.0,276.6499938964844,274.0,276.6499938964844
2024-06-20,15:15:00,276.6000061035156,276.8999938964844,274.6000061035156,276.6000061035156
2024-06-21,09:15:00,277.0,278.0,274.6000061035156,275.75
2024-06-21,10:15:00,275.75,276.3999938964844,272.5,273.3500061035156
2024-06-21,11:15:00,273.3500061035156,274.6000061035156,272.6000061035156,273.79998779296875
2024-06-21,12:15:00,274.25,277.25,272.04998779296875,272.6000061035156
2024-06-21,13:15:00,272.95001220703125,278.0,272.5,277.5
2024-06-21,14:15:00,277.5,277.95001220703125,276.0,277.45001220703125
2024-06-21,15:15:00,277.1499938964844,277.8999938964844,275.1000061035156,276.79998779296875
2024-06-24,09:15:00,277.0,282.5,277.0,281.29998779296875
2024-06-24,10:15:00,280.8500061035156,281.95001220703125,277.1000061035156,278.04998779296875
2024-06-24,11:15:00,278.1000061035156,280.79998779296875,278.1000061035156,279.0
2024-06-24,12:15:00,278.6000061035156,278.6000061035156,274.6499938964844,276.75
2024-06-24,13:15:00,276.79998779296875,276.95001220703125,274.45001220703125,274.8500061035156
2024-06-24,14:15:00,274.95001220703125,276.29998779296875,274.20001220703125,275.5
2024-06-24,15:15:00,275.20001220703125,277.0,274.0,277.0
2024-06-25,09:15:00,276.45001220703125,280.0,275.6000061035156,275.8999938964844
2024-06-25,10:15:00,275.95001220703125,276.0,275.3500061035156,275.5
2024-06-25,11:15:00,275.1499938964844,278.75,274.79998779296875,277.45001220703125
2024-06-25,12:15:00,277.45001220703125,277.95001220703125,275.1499938964844,275.79998779296875
2024-06-25,13:15:00,275.29998779296875,280.0,275.04998779296875,279.20001220703125
2024-06-25,14:15:00,279.1499938964844,280.79998779296875,277.8999938964844,278.25
2024-06-25,15:15:00,278.25,279.5,278.20001220703125,279.0
2024-06-26,09:15:00,278.6000061035156,281.5,278.04998779296875,279.0
2024-06-26,10:15:00,278.8999938964844,280.54998779296875,277.5,278.3999938964844
2024-06-26,11:15:00,278.3999938964844,278.95001220703125,278.0,278.5
2024-06-26,12:15:00,278.25,279.0,277.70001220703125,278.95001220703125
2024-06-26,13:15:00,278.95001220703125,278.95001220703125,277.04998779296875,278.1000061035156
2024-06-26,14:15:00,277.8500061035156,278.95001220703125,277.0,277.5
2024-06-26,15:15:00,277.54998779296875,278.6000061035156,276.79998779296875,278.6000061035156
2024-06-27,09:15:00,276.0,279.0,276.0,277.6499938964844
2024-06-27,10:15:00,276.79998779296875,277.5,274.75,275.6499938964844
2024-06-27,11:15:00,275.6499938964844,276.8999938964844,275.25,276.3999938964844
2024-06-27,12:15:00,276.5,279.25,275.8999938964844,278.5
2024-06-27,13:15:00,278.5,283.70001220703125,278.25,279.79998779296875
2024-06-27,14:15:00,280.3500061035156,281.8999938964844,279.3999938964844,281.3500061035156
2024-06-27,15:15:00,281.5,281.75,280.0,280.95001220703125
2024-06-28,09:15:00,279.95001220703125,284.79998779296875,277.3500061035156,280.95001220703125
2024-06-28,10:15:00,280.8999938964844,281.0,279.8500061035156,280.5
2024-06-28,11:15:00,280.1000061035156,295.0,280.1000061035156,294.1000061035156
2024-06-28,12:15:00,294.0,294.79998779296875,290.25,294.79998779296875
2024-06-28,13:15:00,294.45001220703125,295.0,293.1499938964844,294.20001220703125
2024-06-28,14:15:00,293.8999938964844,294.8999938964844,292.1000061035156,294.54998779296875
2024-06-28,15:15:00,294.45001220703125,299.0,294.20001220703125,297.70001220703125
2024-07-01,09:15:00,299.70001220703125,299.70001220703125,288.29998779296875,290.6499938964844
2024-07-01,10:15:00,290.75,291.29998779296875,286.95001220703125,288.29998779296875
2024-07-01,11:15:00,288.29998779296875,288.5,287.0,287.6000061035156
2024-07-01,12:15:00,287.6000061035156,287.8999938964844,286.1000061035156,287.5
2024-07-01,13:15:00,287.5,287.6499938964844,285.54998779296875,285.75
2024-07-01,14:15:00,285.75,286.8999938964844,283.5,284.20001220703125
2024-07-01,15:15:00,284.1000061035156,284.5,279.70001220703125,280.70001220703125
2024-07-02,09:15:00,281.70001220703125,281.79998779296875,277.0,278.3500061035156
2024-07-02,10:15:00,278.3999938964844,278.95001220703125,277.54998779296875,278.3500061035156
2024-07-02,11:15:00,278.3500061035156,278.54998779296875,277.29998779296875,277.79998779296875
2024-07-02,12:15:00,277.6000061035156,278.70001220703125,274.45001220703125,275.8500061035156
2024-07-02,13:15:00,275.8500061035156,278.3999938964844,275.3999938964844,278.0
2024-07-02,14:15:00,278.3500061035156,279.95001220703125,276.75,277.70001220703125
2024-07-02,15:15:00,277.79998779296875,277.79998779296875,276.0,276.6000061035156
2024-07-03,09:15:00,277.6000061035156,279.8999938964844,277.25,278.3500061035156
2024-07-03,10:15:00,278.20001220703125,279.5,278.04998779296875,278.29998779296875
2024-07-03,11:15:00,278.29998779296875,278.29998779296875,276.29998779296875,277.3999938964844
2024-07-03,12:15:00,277.3999938964844,278.29998779296875,275.3999938964844,276.75
2024-07-03,13:15:00,276.75,277.54998779296875,275.95001220703125,276.29998779296875
2024-07-03,14:15:00,276.3500061035156,276.75,275.04998779296875,276.20001220703125
2024-07-03,15:15:00,276.45001220703125,276.70001220703125,276.0,276.29998779296875
2024-07-04,09:15:00,277.8999938964844,278.5,273.8999938964844,274.6499938964844
2024-07-04,10:15:00,274.6499938964844,275.1499938964844,272.70001220703125,273.25
2024-07-04,11:15:00,272.8999938964844,274.0,272.45001220703125,273.75
2024-07-04,12:15:00,273.75,274.0,272.8999938964844,273.3999938964844
2024-07-04,13:15:00,273.75,274.6499938964844,273.5,274.25
2024-07-04,14:15:00,273.70001220703125,274.20001220703125,272.0,273.29998779296875
2024-07-04,15:15:00,273.5,273.8500061035156,273.0,273.6000061035156
2024-07-05,09:15:00,273.1499938964844,274.70001220703125,271.3999938964844,272.29998779296875
2024-07-05,10:15:00,272.3999938964844,274.95001220703125,271.6499938964844,274.95001220703125
2024-07-05,11:15:00,274.3500061035156,277.6499938964844,274.3500061035156,275.79998779296875
2024-07-05,12:15:00,275.79998779296875,276.1499938964844,275.54998779296875,276.1499938964844
2024-07-05,13:15:00,276.20001220703125,276.20001220703125,275.1499938964844,275.8500061035156
2024-07-05,14:15:00,275.79998779296875,277.0,275.29998779296875,276.5
2024-07-05,15:15:00,276.5,276.5,274.25,275.6499938964844
2024-07-08,09:15:00,274.95001220703125,275.6000061035156,271.79998779296875,272.8999938964844
2024-07-08,10:15:00,272.20001220703125,272.8500061035156,271.0,271.3500061035156
2024-07-08,11:15:00,271.8999938964844,274.1000061035156,271.29998779296875,272.8500061035156
2024-07-08,12:15:00,272.6000061035156,272.95001220703125,271.70001220703125,272.45001220703125
2024-07-08,13:15:00,272.29998779296875,273.29998779296875,271.75,273.20001220703125
2024-07-08,14:15:00,273.25,274.20001220703125,272.5,272.8999938964844
2024-07-08,15:15:00,272.8999938964844,273.5,272.5,273.1000061035156
2024-07-09,09:15:00,272.54998779296875,274.45001220703125,272.54998779296875,273.25
2024-07-09,10:15:00,273.25,275.75,272.8999938964844,274.79998779296875
2024-07-09,11:15:00,274.5,275.04998779296875,273.45001220703125,273.54998779296875
2024-07-09,12:15:00,273.8500061035156,274.45001220703125,273.25,274.3999938964844
2024-07-09,13:15:00,274.04998779296875,274.3999938964844,272.1499938964844,272.1499938964844
2024-07-09,14:15:00,272.20001220703125,274.3500061035156,272.0,274.1499938964844
2024-07-09,15:15:00,273.79998779296875,274.04998779296875,272.20001220703125,273.0
2024-07-10,09:15:00,273.0,273.20001220703125,268.6499938964844,270.29998779296875
2024-07-10,10:15:00,270.25,270.8999938964844,265.0,269.8999938964844
2024-07-10,11:15:00,269.6499938964844,270.8500061035156,269.1499938964844,269.8999938964844
2024-07-10,12:15:00,269.29998779296875,269.95001220703125,268.29998779296875,269.1499938964844
2024-07-10,13:15:00,269.1000061035156,269.3500061035156,267.5,267.8999938964844
2024-07-10,14:15:00,267.8500061035156,268.25,266.5,267.8500061035156
2024-07-10,15:15:00,267.8500061035156,267.8500061035156,265.5,266.29998779296875
2024-07-11,09:15:00,267.8999938964844,270.0,267.0,267.0
2024-07-11,10:15:00,267.3500061035156,273.29998779296875,266.1000061035156,271.5
2024-07-11,11:15:00,271.8500061035156,272.95001220703125,270.8999938964844,271.6499938964844
2024-07-11,12:15:00,271.5,273.0,271.0,272.04998779296875
2024-07-11,13:15:00,271.8500061035156,272.6000061035156,270.0,272.5
2024-07-11,14:15:00,272.45001220703125,272.95001220703125,272.0,272.95001220703125
2024-07-11,15:15:00,272.29998779296875,273.0,271.8500061035156,272.29998779296875
2024-07-12,09:15:00,272.29998779296875,275.70001220703125,272.20001220703125,273.95001220703125
2024-07-12,10:15:00,273.54998779296875,274.6000061035156,273.0,273.8500061035156
2024-07-12,11:15:00,274.1000061035156,274.1000061035156,270.1000061035156,270.70001220703125
2024-07-12,12:15:00,270.70001220703125,273.5,270.1000061035156,272.79998779296875
2024-07-12,13:15:00,272.79998779296875,273.95001220703125,272.79998779296875,272.79998779296875
2024-07-12,14:15:00,272.79998779296875,273.54998779296875,268.54998779296875,269.29998779296875
2024-07-12,15:15:00,269.29998779296875,270.3999938964844,268.95001220703125,269.3999938964844
2024-07-15,09:15:00,270.8999938964844,270.8999938964844,267.3999938964844,269.04998779296875
2024-07-15,10:15:00,268.70001220703125,269.70001220703125,268.3999938964844,269.45001220703125
2024-07-15,11:15:00,269.8500061035156,270.20001220703125,269.1000061035156,269.79998779296875
2024-07-15,12:15:00,270.29998779296875,270.29998779296875,268.0,268.75
2024-07-15,13:15:00,267.79998779296875,275.95001220703125,267.79998779296875,271.8999938964844
2024-07-15,14:15:00,271.70001220703125,272.29998779296875,269.6000061035156,270.0
2024-07-15,15:15:00,269.8999938964844,270.20001220703125,269.3500061035156,269.79998779296875
2024-07-16,09:15:00,269.25,270.1499938964844,268.04998779296875,268.1499938964844
2024-07-16,10:15:00,268.5,269.5,268.25,269.3999938964844
2024-07-16,11:15:00,269.3999938964844,269.3999938964844,268.5,268.8999938964844
2024-07-16,12:15:00,268.8500061035156,268.8500061035156,266.8999938964844,267.70001220703125
2024-07-16,13:15:00,267.70001220703125,267.70001220703125,265.04998779296875,265.29998779296875
2024-07-16,14:15:00,265.3999938964844,265.8500061035156,264.6000061035156,265.0
2024-07-16,15:15:00,265.0,265.3500061035156,264.0,265.3500061035156
2024-07-18,09:15:00,264.75,265.3999938964844,261.75,265.3999938964844
2024-07-18,10:15:00,265.3500061035156,265.3500061035156,263.1000061035156,263.1000061035156
2024-07-18,11:15:00,263.0,264.1499938964844,262.5,263.25
2024-07-18,12:15:00,262.8500061035156,263.70001220703125,262.5,263.6000061035156
2024-07-18,13:15:00,263.6000061035156,263.6000061035156,262.75,262.75
2024-07-18,14:15:00,262.75,263.04998779296875,260.75,262.0
2024-07-18,15:15:00,262.0,262.6499938964844,258.79998779296875,259.75
2024-07-19,09:15:00,260.5,260.5,254.64999389648438,257.0
2024-07-19,10:15:00,257.0,260.20001220703125,255.0,255.25
2024-07-19,11:15:00,255.35000610351562,255.60000610351562,253.25,254.25
2024-07-19,12:15:00,254.39999389648438,256.6499938964844,254.1999969482422,256.20001220703125
2024-07-19,13:15:00,255.35000610351562,260.79998779296875,255.35000610351562,258.6000061035156
2024-07-19,14:15:00,258.75,260.5,258.29998779296875,260.20001220703125
2024-07-19,15:15:00,260.1000061035156,265.5,260.0,265.0
2024-07-22,09:15:00,257.25,261.3999938964844,257.25,260.20001220703125
2024-07-22,10:15:00,260.20001220703125,263.0,259.1000061035156,262.6000061035156
2024-07-22,11:15:00,262.54998779296875,262.54998779296875,259.25,260.04998779296875
2024-07-22,12:15:00,260.29998779296875,261.3999938964844,258.6000061035156,261.0
2024-07-22,13:15:00,261.0,261.75,260.29998779296875,261.1499938964844
2024-07-22,14:15:00,261.20001220703125,263.75,261.1499938964844,263.1000061035156
2024-07-22,15:15:00,262.70001220703125,262.8999938964844,257.6000061035156,258.5
2024-07-23,09:15:00,260.0,260.79998779296875,257.04998779296875,258.29998779296875
2024-07-23,10:15:00,258.29998779296875,259.04998779296875,257.70001220703125,259.04998779296875
2024-07-23,11:15:00,259.0,259.20001220703125,257.25,257.75
2024-07-23,12:15:00,257.75,259.3999938964844,250.0,257.1499938964844
2024-07-23,13:15:00,257.1000061035156,259.0,256.54998779296875,258.5
2024-07-23,14:15:00,258.70001220703125,261.5,258.0,259.95001220703125
2024-07-23,15:15:00,259.3999938964844,260.45001220703125,256.70001220703125,258.70001220703125
2024-07-24,09:15:00,258.20001220703125,265.0,258.20001220703125,264.1000061035156
2024-07-24,10:15:00,264.1000061035156,264.79998779296875,263.0,264.29998779296875
2024-07-24,11:15:00,264.0,264.45001220703125,263.3500061035156,264.0
2024-07-24,12:15:00,264.45001220703125,265.8999938964844,264.29998779296875,265.70001220703125
2024-07-24,13:15:00,265.70001220703125,265.8999938964844,265.0,265.70001220703125
2024-07-24,14:15:00,265.5,266.75,265.0,265.20001220703125
2024-07-24,15:15:00,265.25,266.5,265.1499938964844,266.25
2024-07-25,09:15:00,263.20001220703125,264.6499938964844,261.6000061035156,263.04998779296875
2024-07-25,10:15:00,263.6000061035156,264.5,262.20001220703125,262.8999938964844
2024-07-25,11:15:00,263.04998779296875,263.8500061035156,261.54998779296875,261.54998779296875
2024-07-25,12:15:00,261.8999938964844,265.29998779296875,261.04998779296875,263.1000061035156
2024-07-25,13:15:00,263.04998779296875,265.0,262.29998779296875,264.8999938964844
2024-07-25,14:15:00,264.75,264.75,260.6000061035156,260.79998779296875
2024-07-25,15:15:00,260.79998779296875,262.20001220703125,260.54998779296875,262.1000061035156
2024-07-26,09:15:00,261.25,264.95001220703125,261.1000061035156,264.0
2024-07-26,10:15:00,264.0,266.20001220703125,263.70001220703125,264.8500061035156
2024-07-26,11:15:00,264.8500061035156,265.29998779296875,264.29998779296875,264.95001220703125
2024-07-26,12:15:00,264.95001220703125,265.54998779296875,264.5,265.3999938964844
2024-07-26,13:15:00,264.8500061035156,265.6499938964844,261.79998779296875,261.8999938964844
2024-07-26,14:15:00,261.20001220703125,263.29998779296875,261.20001220703125,262.20001220703125
2024-07-26,15:15:00,262.20001220703125,265.0,261.75,262.3999938964844
2024-07-29,09:15:00,265.95001220703125,268.45001220703125,261.1000061035156,262.45001220703125
2024-07-29,10:15:00,262.6499938964844,266.95001220703125,261.6499938964844,264.3999938964844
2024-07-29,11:15:00,264.54998779296875,264.79998779296875,263.20001220703125,264.0
2024-07-29,12:15:00,264.0,264.0,261.04998779296875,262.29998779296875
2024-07-29,13:15:00,263.54998779296875,263.95001220703125,262.8999938964844,263.0
2024-07-29,14:15:00,262.95001220703125,263.3500061035156,262.04998779296875,262.1499938964844
2024-07-29,15:15:00,262.6000061035156,263.5,261.8500061035156,262.5
2024-07-30,09:15:00,263.3500061035156,263.3999938964844,261.20001220703125,261.45001220703125
2024-07-30,10:15:00,261.54998779296875,261.54998779296875,260.3999938964844,261.3999938964844
2024-07-30,11:15:00,261.54998779296875,262.45001220703125,261.20001220703125,262.04998779296875
2024-07-30,12:15:00,261.8500061035156,264.45001220703125,261.3500061035156,264.0
2024-07-30,13:15:00,263.70001220703125,263.8999938964844,262.04998779296875,262.5
2024-07-30,14:15:00,262.45001220703125,264.0,262.25,262.45001220703125
2024-07-30,15:15:00,262.75,262.75,261.5,262.20001220703125
2024-07-31,09:15:00,263.79998779296875,265.6499938964844,262.8500061035156,264.8500061035156
2024-07-31,10:15:00,264.3999938964844,267.6499938964844,263.3999938964844,264.54998779296875
2024-07-31,11:15:00,263.45001220703125,269.25,262.70001220703125,266.0
2024-07-31,12:15:00,266.0,268.0,265.0,267.8500061035156
2024-07-31,13:15:00,267.8500061035156,268.0,266.8999938964844,267.0
2024-07-31,14:15:00,267.0,268.0,265.0,265.79998779296875
2024-07-31,15:15:00,265.8500061035156,269.5,265.54998779296875,269.5
2024-08-01,09:15:00,267.0,267.0,260.04998779296875,260.3999938964844
2024-08-01,10:15:00,260.3500061035156,260.8999938964844,259.45001220703125,260.8999938964844
2024-08-01,11:15:00,260.95001220703125,260.95001220703125,258.45001220703125,258.95001220703125
2024-08-01,12:15:00,258.6499938964844,258.95001220703125,256.04998779296875,256.20001220703125
2024-08-01,13:15:00,256.3500061035156,256.5,252.5,253.64999389648438
2024-08-01,14:15:00,253.64999389648438,263.54998779296875,252.5500030517578,261.79998779296875
2024-08-01,15:15:00,261.79998779296875,264.75,261.20001220703125,262.70001220703125
2024-08-02,09:15:00,260.1000061035156,260.70001220703125,258.04998779296875,259.20001220703125
2024-08-02,10:15:00,259.20001220703125,259.20001220703125,257.6499938964844,258.3500061035156
2024-08-02,11:15:00,258.20001220703125,258.6000061035156,257.20001220703125,257.6000061035156
2024-08-02,12:15:00,257.6000061035156,258.1499938964844,256.70001220703125,257.8500061035156
2024-08-02,13:15:00,257.8999938964844,259.6000061035156,257.3500061035156,258.5
2024-08-02,14:15:00,258.5,258.95001220703125,257.0,257.3999938964844
2024-08-02,15:15:00,257.25,258.1499938964844,256.5,257.20001220703125
2024-08-05,09:15:00,250.14999389648438,252.8000030517578,246.39999389648438,251.0
2024-08-05,10:15:00,251.0500030517578,251.0500030517578,245.9499969482422,246.1999969482422
2024-08-05,11:15:00,246.1999969482422,248.10000610351562,246.0,247.60000610351562
2024-08-05,12:15:00,247.60000610351562,248.0,245.25,246.39999389648438
2024-08-05,13:15:00,246.39999389648438,250.39999389648438,246.25,249.14999389648438
2024-08-05,14:15:00,249.14999389648438,249.1999969482422,240.0,240.5500030517578
2024-08-05,15:15:00,240.4499969482422,243.89999389648438,238.5,243.89999389648438
2024-08-06,09:15:00,244.89999389648438,250.25,244.89999389648438,248.8000030517578
2024-08-06,10:15:00,248.8000030517578,249.64999389648438,247.0,247.89999389648438
2024-08-06,11:15:00,247.89999389648438,248.0,247.0,247.0500030517578
2024-08-06,12:15:00,247.3000030517578,247.9499969482422,247.0,247.9499969482422
2024-08-06,13:15:00,247.64999389648438,248.0,246.10000610351562,247.0
2024-08-06,14:15:00,247.0500030517578,247.9499969482422,246.14999389648438,246.8000030517578
2024-08-06,15:15:00,246.89999389648438,248.0,246.0,247.1999969482422
2024-08-07,09:15:00,250.85000610351562,251.8000030517578,244.60000610351562,244.85000610351562
2024-08-07,10:15:00,244.85000610351562,246.5500030517578,244.64999389648438,245.89999389648438
2024-08-07,11:15:00,245.89999389648438,248.0500030517578,245.10000610351562,248.0500030517578
2024-08-07,12:15:00,248.35000610351562,249.25,247.0,248.35000610351562
2024-08-07,13:15:00,248.35000610351562,248.35000610351562,247.14999389648438,248.1999969482422
2024-08-07,14:15:00,248.35000610351562,254.14999389648438,246.64999389648438,246.9499969482422
2024-08-07,15:15:00,246.6999969482422,246.8000030517578,244.3000030517578,245.75
2024-08-08,09:15:00,244.89999389648438,247.60000610351562,243.85000610351562,245.3000030517578
2024-08-08,10:15:00,245.64999389648438,246.5,245.3000030517578,245.35000610351562
2024-08-08,11:15:00,245.39999389648438,246.14999389648438,245.3000030517578,245.8000030517578
2024-08-08,12:15:00,245.5,246.5,244.0500030517578,244.4499969482422
2024-08-08,13:15:00,244.64999389648438,245.3000030517578,244.35000610351562,244.8000030517578
2024-08-08,14:15:00,244.9499969482422,245.4499969482422,243.6999969482422,243.9499969482422
2024-08-08,15:15:00,243.9499969482422,243.9499969482422,241.6999969482422,242.0500030517578
2024-08-09,09:15:00,245.9499969482422,246.0,242.3000030517578,242.5500030517578
2024-08-09,10:15:00,242.1999969482422,243.5,241.4499969482422,243.14999389648438
2024-08-09,11:15:00,243.25,245.1999969482422,242.10000610351562,245.1999969482422
2024-08-09,12:15:00,245.25,249.9499969482422,245.0,249.1999969482422
2024-08-09,13:15:00,249.3000030517578,252.9499969482422,249.3000030517578,252.5
2024-08-09,14:15:00,252.1999969482422,252.60000610351562,251.6999969482422,251.9499969482422
2024-08-09,15:15:00,251.5500030517578,252.0,250.5,251.75
2024-08-12,09:15:00,253.89999389648438,256.45001220703125,251.0,253.0
2024-08-12,10:15:00,253.0,254.10000610351562,251.10000610351562,254.0
2024-08-12,11:15:00,253.60000610351562,254.14999389648438,251.75,251.89999389648438
2024-08-12,12:15:00,251.85000610351562,253.0500030517578,251.3000030517578,251.89999389648438
2024-08-12,13:15:00,251.89999389648438,254.6999969482422,251.89999389648438,254.0
2024-08-12,14:15:00,254.3000030517578,254.6999969482422,250.5,250.5
2024-08-12,15:15:00,250.3000030517578,251.39999389648438,248.6999969482422,251.39999389648438
2024-08-13,09:15:00,249.3000030517578,250.6999969482422,248.3000030517578,249.64999389648438
2024-08-13,10:15:00,249.9499969482422,252.0,249.10000610351562,251.4499969482422
2024-08-13,11:15:00,251.85000610351562,251.85000610351562,249.0,249.10000610351562
2024-08-13,12:15:00,249.4499969482422,249.4499969482422,245.14999389648438,245.39999389648438
2024-08-13,13:15:00,245.5,245.8000030517578,243.1999969482422,243.25
2024-08-13,14:15:00,243.60000610351562,244.39999389648438,240.14999389648438,240.8000030517578
2024-08-13,15:15:00,240.8000030517578,241.85000610351562,240.0500030517578,241.0
2024-08-14,09:15:00,242.10000610351562,244.9499969482422,236.1999969482422,236.60000610351562
2024-08-14,10:15:00,236.89999389648438,237.14999389648438,235.14999389648438,235.6999969482422
2024-08-14,11:15:00,235.8000030517578,236.89999389648438,235.0,236.89999389648438
2024-08-14,12:15:00,236.9499969482422,238.6999969482422,236.0500030517578,238.14999389648438
2024-08-14,13:15:00,238.1999969482422,239.1999969482422,237.35000610351562,239.0
2024-08-14,14:15:00,239.0,239.60000610351562,236.0,237.4499969482422
2024-08-14,15:15:00,237.85000610351562,238.39999389648438,235.89999389648438,237.35000610351562
2024-08-16,09:15:00,239.60000610351562,242.89999389648438,239.3000030517578,239.5
2024-08-16,10:15:00,239.5,241.64999389648438,239.0,241.25
2024-08-16,11:15:00,241.25,241.89999389648438,240.0500030517578,241.5
2024-08-16,12:15:00,241.5,242.0,240.5,242.0
2024-08-16,13:15:00,242.0,244.0,242.0,243.25
2024-08-16,14:15:00,243.25,244.9499969482422,242.39999389648438,243.1999969482422
2024-08-16,15:15:00,242.6999969482422,245.5,242.6999969482422,243.0
2024-08-19,09:15:00,244.9499969482422,248.0,242.1999969482422,247.9499969482422
2024-08-19,10:15:00,247.5500030517578,248.5500030517578,246.14999389648438,246.89999389648438
2024-08-19,11:15:00,246.60000610351562,247.5,245.1999969482422,246.0
2024-08-19,12:15:00,245.64999389648438,246.10000610351562,245.0,245.85000610351562
2024-08-19,13:15:00,245.85000610351562,246.3000030517578,244.5500030517578,245.4499969482422
2024-08-19,14:15:00,245.1999969482422,246.9499969482422,245.0,246.1999969482422
2024-08-19,15:15:00,246.14999389648438,246.14999389648438,243.10000610351562,244.85000610351562
2024-08-20,09:15:00,245.0,245.89999389648438,244.39999389648438,244.85000610351562
2024-08-20,10:15:00,245.1999969482422,247.5500030517578,244.8000030517578,245.5
2024-08-20,11:15:00,245.5,245.9499969482422,244.9499969482422,244.9499969482422
2024-08-20,12:15:00,245.39999389648438,246.0,244.8000030517578,245.25
2024-08-20,13:15:00,245.35000610351562,245.5,244.8000030517578,245.0500030517578
2024-08-20,14:15:00,245.39999389648438,245.5500030517578,244.0,245.1999969482422
2024-08-20,15:15:00,245.0500030517578,249.4499969482422,245.0500030517578,249.10000610351562
2024-08-21,09:15:00,246.9499969482422,248.10000610351562,244.6999969482422,244.8000030517578
2024-08-21,10:15:00,245.0,245.14999389648438,243.8000030517578,244.8000030517578
2024-08-21,11:15:00,245.25,247.5,244.5,245.6999969482422
2024-08-21,12:15:00,245.60000610351562,246.10000610351562,245.0500030517578,245.0500030517578
2024-08-21,13:15:00,245.3000030517578,245.60000610351562,244.64999389648438,245.39999389648438
2024-08-21,14:15:00,245.0500030517578,245.8000030517578,241.8000030517578,242.64999389648438
2024-08-21,15:15:00,242.64999389648438,243.25,241.9499969482422,243.1999969482422
2024-08-22,09:15:00,243.5,246.64999389648438,243.1999969482422,243.75
2024-08-22,10:15:00,243.75,244.89999389648438,243.25,244.8000030517578
2024-08-22,11:15:00,244.8000030517578,245.0,244.0,244.6999969482422
2024-08-22,12:15:00,244.6999969482422,245.0,244.3000030517578,244.3000030517578
2024-08-22,13:15:00,244.64999389648438,244.9499969482422,243.85000610351562,244.85000610351562
2024-08-22,14:15:00,244.5,244.89999389648438,241.64999389648438,244.25
2024-08-22,15:15:00,244.0,244.25,242.1999969482422,243.0500030517578
2024-08-23,09:15:00,244.39999389648438,244.60000610351562,241.60000610351562,242.75
2024-08-23,10:15:00,242.75,243.60000610351562,241.64999389648438,242.35000610351562
2024-08-23,11:15:00,242.3000030517578,243.14999389648438,241.89999389648438,243.14999389648438
2024-08-23,12:15:00,243.0,243.5,242.0500030517578,242.60000610351562
2024-08-23,13:15:00,243.0,243.5500030517578,241.0,241.0
2024-08-23,14:15:00,241.0,241.8000030517578,240.25,240.85000610351562
2024-08-23,15:15:00,240.85000610351562,241.5,240.0500030517578,240.5500030517578
2024-08-26,09:15:00,241.89999389648438,243.39999389648438,240.5500030517578,243.14999389648438
2024-08-26,10:15:00,243.14999389648438,243.39999389648438,241.5500030517578,242.5500030517578
2024-08-26,11:15:00,242.5500030517578,243.89999389648438,242.25,243.0500030517578
2024-08-26,12:15:00,242.85000610351562,243.5500030517578,242.3000030517578,242.75
2024-08-26,13:15:00,242.75,243.1999969482422,241.10000610351562,242.4499969482422
2024-08-26,14:15:00,242.4499969482422,243.0,242.0,242.5
2024-08-26,15:15:00,242.5,243.35000610351562,242.1999969482422,242.64999389648438
2024-08-27,09:15:00,243.0,243.0,241.39999389648438,242.0500030517578
2024-08-27,10:15:00,242.10000610351562,242.4499969482422,240.4499969482422,242.0
2024-08-27,11:15:00,241.75,243.0,241.64999389648438,242.1999969482422
2024-08-27,12:15:00,241.9499969482422,242.39999389648438,241.1999969482422,241.5500030517578
2024-08-27,13:15:00,241.1999969482422,242.25,241.1999969482422,242.0
2024-08-27,14:15:00,242.0,242.39999389648438,241.25,242.39999389648438
2024-08-27,15:15:00,242.39999389648438,242.9499969482422,241.75,242.0
2024-08-28,09:15:00,242.0,244.0,242.0,242.6999969482422
2024-08-28,10:15:00,242.9499969482422,243.0,241.1999969482422,241.60000610351562
2024-08-28,11:15:00,241.35000610351562,242.0,241.0,241.39999389648438
2024-08-28,12:15:00,241.39999389648438,243.0,241.1999969482422,242.39999389648438
2024-08-28,13:15:00,242.39999389648438,242.39999389648438,240.3000030517578,241.0
2024-08-28,14:15:00,240.5500030517578,240.89999389648438,236.8000030517578,237.89999389648438
2024-08-28,15:15:00,237.64999389648438,239.0,237.5,237.89999389648438
2024-08-29,09:15:00,238.85000610351562,242.0,238.10000610351562,240.3000030517578
2024-08-29,10:15:00,240.4499969482422,240.4499969482422,237.89999389648438,238.0
2024-08-29,11:15:00,238.0,238.6999969482422,236.89999389648438,238.0
2024-08-29,12:15:00,237.64999389648438,238.0,236.6999969482422,237.5
2024-08-29,13:15:00,237.60000610351562,237.9499969482422,236.8000030517578,236.8000030517578
2024-08-29,14:15:00,237.0500030517578,237.0500030517578,235.60000610351562,236.35000610351562
2024-08-29,15:15:00,236.75,237.75,236.39999389648438,237.14999389648438
2024-08-30,09:15:00,238.64999389648438,240.5,237.8000030517578,238.75
2024-08-30,10:15:00,238.64999389648438,239.9499969482422,238.14999389648438,238.5
2024-08-30,11:15:00,238.5,238.5,237.0500030517578,237.4499969482422
2024-08-30,12:15:00,237.25,237.6999969482422,236.10000610351562,236.8000030517578
2024-08-30,13:15:00,236.85000610351562,237.39999389648438,235.5500030517578,235.64999389648438
2024-08-30,14:15:00,235.8000030517578,236.1999969482422,234.0,235.5
2024-08-30,15:15:00,235.89999389648438,235.89999389648438,234.85000610351562,235.6999969482422
2024-09-02,09:15:00,235.0,237.7899932861328,233.58999633789062,236.63999938964844
2024-09-02,10:15:00,236.64999389648438,236.97000122070312,234.75,235.0
2024-09-02,11:15:00,235.52000427246094,236.14999389648438,234.64999389648438,235.44000244140625
2024-09-02,12:15:00,235.44000244140625,235.52999877929688,234.27999877929688,234.9600067138672
2024-09-02,13:15:00,235.0,235.0,234.5,234.89999389648438
2024-09-02,14:15:00,234.89999389648438,235.0,234.4600067138672,234.47999572753906
2024-09-02,15:15:00,234.5,236.0,234.27000427246094,234.99000549316406
2024-09-03,09:15:00,234.5,235.5,232.35000610351562,234.25
2024-09-03,10:15:00,234.1999969482422,240.8000030517578,233.7899932861328,238.69000244140625
2024-09-03,11:15:00,239.00999450683594,241.3000030517578,237.02000427246094,237.5
2024-09-03,12:15:00,237.5,239.89999389648438,236.0,238.5
2024-09-03,13:15:00,238.32000732421875,239.61000061035156,235.69000244140625,236.27000427246094
2024-09-03,14:15:00,236.99000549316406,238.0,235.39999389648438,236.24000549316406
2024-09-03,15:15:00,235.25,237.1699981689453,235.0500030517578,236.47000122070312
2024-09-04,09:15:00,233.5,238.27999877929688,233.5,237.1699981689453
2024-09-04,10:15:00,236.67999267578125,238.0,235.11000061035156,235.11000061035156
2024-09-04,11:15:00,235.6199951171875,235.77000427246094,234.5,234.99000549316406
2024-09-04,12:15:00,234.57000732421875,235.39999389648438,234.11000061035156,235.0
2024-09-04,13:15:00,235.0,235.22999572753906,232.32000732421875,234.74000549316406
2024-09-04,14:15:00,234.60000610351562,235.0,233.0,234.35000610351562
2024-09-04,15:15:00,233.5500030517578,234.89999389648438,232.99000549316406,232.99000549316406
2024-09-05,09:15:00,235.0,236.82000732421875,234.39999389648438,236.24000549316406
2024-09-05,10:15:00,235.88999938964844,236.9499969482422,234.9199981689453,235.99000549316406
2024-09-05,11:15:00,235.99000549316406,238.39999389648438,235.99000549316406,236.44000244140625
2024-09-05,12:15:00,236.44000244140625,238.5,236.44000244140625,236.86000061035156
2024-09-05,13:15:00,236.94000244140625,237.8000030517578,236.25,237.3000030517578
2024-09-05,14:15:00,237.3000030517578,237.9199981689453,235.0,237.72999572753906
2024-09-05,15:15:00,237.55999755859375,237.8800048828125,237.1999969482422,237.77000427246094
2024-09-06,09:15:00,238.00999450683594,240.99000549316406,233.27999877929688,234.00999450683594
2024-09-06,10:15:00,234.42999267578125,234.69000244140625,232.77000427246094,233.75
2024-09-06,11:15:00,233.72999572753906,236.44000244140625,233.25,236.44000244140625
2024-09-06,12:15:00,236.44000244140625,238.27999877929688,234.4600067138672,238.10000610351562
2024-09-06,13:15:00,238.0,242.5,237.35000610351562,241.9600067138672
2024-09-06,14:15:00,241.66000366210938,244.14999389648438,239.0,241.80999755859375
2024-09-06,15:15:00,241.77999877929688,242.0,239.0,241.0500030517578
2024-09-09,09:15:00,241.0500030517578,241.97999572753906,235.97000122070312,236.74000549316406
2024-09-09,10:15:00,236.83999633789062,239.2899932861328,236.00999450683594,237.6199951171875
2024-09-09,11:15:00,237.00999450683594,238.6199951171875,237.0,237.8300018310547
2024-09-09,12:15:00,237.82000732421875,238.97999572753906,237.32000732421875,238.5399932861328
2024-09-09,13:15:00,238.57000732421875,238.66000366210938,237.5,237.77000427246094
2024-09-09,14:15:00,237.77999877929688,237.8300018310547,235.5,236.0
2024-09-09,15:15:00,236.5,237.89999389648438,236.0,236.0500030517578
2024-09-10,09:15:00,237.8000030517578,242.77000427246094,236.2899932861328,240.69000244140625
2024-09-10,10:15:00,240.05999755859375,240.49000549316406,238.0,238.58999633789062
2024-09-10,11:15:00,238.58999633789062,239.39999389648438,238.0,238.5
2024-09-10,12:15:00,238.77999877929688,240.47999572753906,238.11000061035156,238.6999969482422
2024-09-10,13:15:00,238.6999969482422,239.0,234.10000610351562,236.75
2024-09-10,14:15:00,236.6699981689453,236.99000549316406,235.60000610351562,236.5
2024-09-10,15:15:00,236.83999633789062,236.99000549316406,235.16000366210938,236.0
2024-09-11,09:15:00,237.35000610351562,238.3800048828125,234.8300018310547,235.3699951171875
2024-09-11,10:15:00,235.41000366210938,235.8000030517578,235.3000030517578,235.5
2024-09-11,11:15:00,235.8000030517578,235.9499969482422,234.25,234.6699981689453
2024-09-11,12:15:00,234.6699981689453,235.0,234.42999267578125,234.69000244140625
2024-09-11,13:15:00,234.63999938964844,234.99000549316406,234.3300018310547,234.75
2024-09-11,14:15:00,234.6999969482422,234.75,231.0500030517578,233.0
2024-09-11,15:15:00,233.32000732421875,234.5399932861328,231.6699981689453,232.67999267578125
2024-09-12,09:15:00,233.9499969482422,235.0,233.0,233.77999877929688
2024-09-12,10:15:00,233.99000549316406,233.99000549316406,232.3300018310547,233.64999389648438
2024-09-12,11:15:00,233.2899932861328,234.0,232.41000366210938,232.6999969482422
2024-09-12,12:15:00,232.97000122070312,233.44000244140625,232.1999969482422,232.6699981689453
2024-09-12,13:15:00,233.0399932861328,237.83999633789062,233.0399932861328,237.83999633789062
2024-09-12,14:15:00,237.47000122070312,237.89999389648438,237.0,237.5
2024-09-12,15:15:00,237.5,237.83999633789062,237.0,237.83999633789062
2024-09-13,09:15:00,239.75,241.0,238.60000610351562,240.0
2024-09-13,10:15:00,240.5,244.30999755859375,239.86000061035156,242.69000244140625
2024-09-13,11:15:00,242.0,244.0,242.0,243.61000061035156
2024-09-13,12:15:00,243.61000061035156,244.0,242.50999450683594,242.50999450683594
2024-09-13,13:15:00,242.92999267578125,243.27999877929688,242.0,242.0
2024-09-13,14:15:00,242.32000732421875,243.0,241.0500030517578,241.0500030517578
2024-09-13,15:15:00,241.7100067138672,241.86000061035156,240.11000061035156,240.91000366210938
2024-09-16,09:15:00,243.91000366210938,252.86000061035156,242.6300048828125,250.8800048828125
2024-09-16,10:15:00,250.8699951171875,251.57000732421875,247.00999450683594,247.9600067138672
2024-09-16,11:15:00,247.61000061035156,249.9499969482422,246.61000061035156,249.41000366210938
2024-09-16,12:15:00,249.3800048828125,249.9499969482422,248.5,249.42999267578125
2024-09-16,13:15:00,249.4600067138672,250.50999450683594,248.9199981689453,249.99000549316406
2024-09-16,14:15:00,249.88999938964844,252.1999969482422,249.52000427246094,252.1999969482422
2024-09-16,15:15:00,252.0,256.8900146484375,252.0,256.0
2024-09-17,09:15:00,256.0,256.5,254.0,255.88999938964844
2024-09-17,10:15:00,255.8000030517578,259.70001220703125,254.25,258.3500061035156
2024-09-17,11:15:00,258.25,264.2300109863281,258.0,262.0
2024-09-17,12:15:00,262.07000732421875,264.3999938964844,260.05999755859375,262.989990234375
2024-09-17,13:15:00,263.0,263.44000244140625,258.75,259.4800109863281
2024-09-17,14:15:00,259.1000061035156,267.5400085449219,258.5,263.5199890136719
2024-09-17,15:15:00,263.010009765625,264.0,262.0,263.4800109863281
2024-09-18,09:15:00,262.29998779296875,264.0,258.20001220703125,258.7699890136719
2024-09-18,10:15:00,258.2699890136719,259.5,257.1400146484375,259.3399963378906
2024-09-18,11:15:00,259.3299865722656,261.0400085449219,258.2099914550781,261.0
2024-09-18,12:15:00,260.6000061035156,264.0,259.54998779296875,260.05999755859375
2024-09-18,13:15:00,260.80999755859375,263.95001220703125,259.80999755859375,262.0
2024-09-18,14:15:00,262.2900085449219,263.6199951171875,260.9100036621094,262.20001220703125
2024-09-18,15:15:00,262.6700134277344,264.0,262.0,262.5799865722656
2024-09-19,09:15:00,262.5799865722656,263.989990234375,257.6099853515625,259.1199951171875
2024-09-19,10:15:00,259.1600036621094,261.3500061035156,257.510009765625,259.32000732421875
2024-09-19,11:15:00,258.8299865722656,259.2200012207031,254.5399932861328,256.4200134277344
2024-09-19,12:15:00,256.3500061035156,260.5199890136719,256.0,258.3699951171875
2024-09-19,13:15:00,257.5,257.5,255.83999633789062,257.1499938964844
2024-09-19,14:15:00,257.19000244140625,260.0199890136719,256.489990234375,259.8699951171875
2024-09-19,15:15:00,259.3699951171875,260.0,256.1000061035156,258.760009765625
2024-09-20,09:15:00,259.79998779296875,260.75,253.7100067138672,255.58999633789062
2024-09-20,10:15:00,256.010009765625,256.1099853515625,254.25,256.0
2024-09-20,11:15:00,256.0,256.9599914550781,254.5,256.2099914550781
2024-09-20,12:15:00,256.2200012207031,259.4200134277344,256.1099853515625,259.1199951171875
2024-09-20,13:15:00,259.1099853515625,259.4200134277344,254.97999572753906,255.36000061035156
2024-09-20,14:15:00,255.3000030517578,257.010009765625,254.0,256.1300048828125
2024-09-20,15:15:00,255.99000549316406,256.82000732421875,255.0500030517578,256.25
2024-09-23,09:15:00,258.20001220703125,269.989990234375,256.6099853515625,266.3699951171875
2024-09-23,10:15:00,266.7699890136719,267.3800048828125,264.20001220703125,264.20001220703125
2024-09-23,11:15:00,264.5299987792969,267.2900085449219,263.75,266.989990234375
2024-09-23,12:15:00,266.4100036621094,267.79998779296875,262.8999938964844,263.1400146484375
2024-09-23,13:15:00,262.8999938964844,268.29998779296875,262.0,266.0
2024-09-23,14:15:00,266.0,266.1400146484375,261.8299865722656,262.0199890136719
2024-09-23,15:15:00,262.0199890136719,266.9700012207031,261.29998779296875,264.3599853515625
2024-09-24,09:15:00,266.8999938964844,268.5,265.0,267.5799865722656
2024-09-24,10:15:00,267.5799865722656,267.5799865722656,264.3699951171875,264.5
2024-09-24,11:15:00,264.739990234375,271.0,264.0,269.1400146484375
2024-09-24,12:15:00,269.0,271.0,264.0,264.5
2024-09-24,13:15:00,265.3699951171875,265.8999938964844,264.4100036621094,265.1300048828125
2024-09-24,14:15:00,265.4599914550781,267.760009765625,264.0,264.0199890136719
2024-09-24,15:15:00,264.010009765625,265.5,264.0,264.6300048828125
2024-09-25,09:15:00,264.8299865722656,265.79998779296875,258.5,260.94000244140625
2024-09-25,10:15:00,260.92999267578125,266.55999755859375,260.2799987792969,261.7300109863281
2024-09-25,11:15:00,262.1000061035156,264.6199951171875,260.82000732421875,261.44000244140625
2024-09-25,12:15:00,260.8500061035156,261.8399963378906,259.8699951171875,260.010009765625
2024-09-25,13:15:00,260.010009765625,261.5,260.010009765625,261.3900146484375
2024-09-25,14:15:00,261.1400146484375,265.3900146484375,260.94000244140625,262.05999755859375
2024-09-25,15:15:00,262.57000732421875,264.29998779296875,262.1499938964844,263.94000244140625
2024-09-26,09:15:00,265.29998779296875,266.70001220703125,262.8900146484375,264.75
2024-09-26,10:15:00,264.75,269.6199951171875,264.4200134277344,265.489990234375
2024-09-26,11:15:00,265.0,266.44000244140625,263.1000061035156,263.489990234375
2024-09-26,12:15:00,263.4800109863281,263.4800109863281,261.6000061035156,261.6000061035156
2024-09-26,13:15:00,261.70001220703125,261.989990234375,260.0,260.70001220703125
2024-09-26,14:15:00,261.3900146484375,262.45001220703125,259.5400085449219,260.20001220703125
2024-09-26,15:15:00,260.25,261.0,258.1199951171875,259.7900085449219
2024-09-27,09:15:00,261.0,261.989990234375,258.6199951171875,259.0199890136719
2024-09-27,10:15:00,259.4200134277344,260.0,258.6499938964844,258.8999938964844
2024-09-27,11:15:00,258.8999938964844,259.79998779296875,258.0,258.55999755859375
2024-09-27,12:15:00,258.57000732421875,262.4100036621094,258.57000732421875,261.6400146484375
2024-09-27,13:15:00,261.6400146484375,262.0799865722656,260.0,260.0400085449219
2024-09-27,14:15:00,260.3500061035156,261.44000244140625,260.0,260.05999755859375
2024-09-27,15:15:00,260.6300048828125,261.0,260.0,260.010009765625
2024-09-30,09:15:00,252.0,259.5799865722656,252.0,256.1300048828125
2024-09-30,10:15:00,255.61000061035156,255.61000061035156,253.52000427246094,254.49000549316406
2024-09-30,11:15:00,254.08999633789062,256.3699951171875,254.08999633789062,256.1600036621094
2024-09-30,12:15:00,256.1700134277344,256.1700134277344,253.1699981689453,253.22000122070312
2024-09-30,13:15:00,253.63999938964844,253.7100067138672,251.11000061035156,252.0800018310547
2024-09-30,14:15:00,252.0500030517578,253.0,249.52000427246094,252.92999267578125
2024-09-30,15:15:00,252.91000366210938,252.97999572753906,251.00999450683594,252.5
2024-10-01,09:15:00,253.8000030517578,255.75,252.6999969482422,255.14999389648438
2024-10-01,10:15:00,254.9499969482422,255.3000030517578,252.0,254.75
2024-10-01,11:15:00,254.3000030517578,256.8500061035156,254.3000030517578,255.0500030517578
2024-10-01,12:15:00,255.25,255.85000610351562,253.60000610351562,253.64999389648438
2024-10-01,13:15:00,254.0,256.0,253.64999389648438,255.9499969482422
2024-10-01,14:15:00,256.0,256.0,253.0500030517578,253.5500030517578
2024-10-01,15:15:00,253.35000610351562,255.0,253.35000610351562,254.39999389648438
2024-10-03,09:15:00,252.0,253.1999969482422,248.3000030517578,249.0
2024-10-03,10:15:00,248.60000610351562,249.75,247.60000610351562,249.25
2024-10-03,11:15:00,249.6999969482422,250.39999389648438,246.8000030517578,247.5
2024-10-03,12:15:00,247.5,250.14999389648438,245.75,248.0
2024-10-03,13:15:00,247.9499969482422,247.9499969482422,245.4499969482422,245.6999969482422
2024-10-03,14:15:00,245.10000610351562,246.0,243.14999389648438,245.60000610351562
2024-10-03,15:15:00,245.60000610351562,246.3000030517578,245.0,245.35000610351562
2024-10-04,09:15:00,245.0,248.89999389648438,244.0,248.35000610351562
2024-10-04,10:15:00,248.6999969482422,248.6999969482422,246.0,246.60000610351562
2024-10-04,11:15:00,248.0,248.0,245.4499969482422,247.0
2024-10-04,12:15:00,246.89999389648438,249.25,246.89999389648438,247.5
2024-10-04,13:15:00,248.0,248.0,245.0,245.5
2024-10-04,14:15:00,245.0500030517578,247.0,244.0,246.39999389648438
2024-10-04,15:15:00,245.3000030517578,247.0,243.39999389648438,245.3000030517578
2024-10-07,09:15:00,246.9499969482422,248.35000610351562,240.39999389648438,241.75
2024-10-07,10:15:00,242.10000610351562,243.0,235.5500030517578,235.64999389648438
2024-10-07,11:15:00,236.5,242.0,236.1999969482422,242.0
2024-10-07,12:15:00,242.0,242.5500030517578,238.0,238.0
2024-10-07,13:15:00,238.8000030517578,239.89999389648438,233.8000030517578,238.39999389648438
2024-10-07,14:15:00,238.3000030517578,238.89999389648438,234.0,234.5
2024-10-07,15:15:00,234.8000030517578,235.85000610351562,232.0,232.0
2024-10-08,09:15:00,233.5,238.9499969482422,232.25,238.9499969482422
2024-10-08,10:15:00,238.9499969482422,239.39999389648438,231.9499969482422,238.8000030517578
2024-10-08,11:15:00,239.3000030517578,244.1999969482422,238.8000030517578,242.39999389648438
2024-10-08,12:15:00,241.6999969482422,242.8000030517578,240.60000610351562,241.60000610351562
2024-10-08,13:15:00,241.60000610351562,242.25,238.8000030517578,239.1999969482422
2024-10-08,14:15:00,239.89999389648438,240.0,235.60000610351562,238.4499969482422
2024-10-08,15:15:00,238.39999389648438,239.0,236.0,238.89999389648438
2024-10-09,09:15:00,238.1999969482422,243.89999389648438,238.1999969482422,242.0
2024-10-09,10:15:00,242.4499969482422,242.6999969482422,239.0500030517578,241.4499969482422
2024-10-09,11:15:00,243.10000610351562,244.3000030517578,241.1999969482422,242.0500030517578
2024-10-09,12:15:00,241.8000030517578,242.10000610351562,240.0,241.6999969482422
2024-10-09,13:15:00,241.5500030517578,242.4499969482422,240.1999969482422,240.60000610351562
2024-10-09,14:15:00,240.75,241.1999969482422,237.75,239.9499969482422
2024-10-09,15:15:00,239.89999389648438,242.75,238.85000610351562,239.39999389648438
2024-10-10,09:15:00,244.0,244.75,241.5,242.0
2024-10-10,10:15:00,242.35000610351562,242.5500030517578,238.39999389648438,238.75
2024-10-10,11:15:00,238.75,239.0500030517578,237.6999969482422,238.9499969482422
2024-10-10,12:15:00,238.9499969482422,239.9499969482422,238.25,239.4499969482422
2024-10-10,13:15:00,239.4499969482422,241.0,238.3000030517578,239.3000030517578
2024-10-10,14:15:00,238.60000610351562,239.3000030517578,238.0,239.0
2024-10-10,15:15:00,239.0,244.0,238.5,242.0500030517578
2024-10-11,09:15:00,243.3000030517578,258.0,243.3000030517578,253.6999969482422
2024-10-11,10:15:00,253.6999969482422,254.5,251.5500030517578,254.3000030517578
2024-10-11,11:15:00,254.0,254.14999389648438,246.9499969482422,248.8000030517578
2024-10-11,12:15:00,248.8000030517578,251.89999389648438,248.8000030517578,251.6999969482422
2024-10-11,13:15:00,251.10000610351562,253.0,250.0500030517578,252.5
2024-10-11,14:15:00,252.5,254.5,247.9499969482422,249.5500030517578
2024-10-11,15:15:00,250.0,252.10000610351562,247.8000030517578,249.35000610351562
2024-10-14,09:15:00,251.6999969482422,253.64999389648438,249.60000610351562,249.60000610351562
2024-10-14,10:15:00,249.60000610351562,251.85000610351562,248.75,251.4499969482422
2024-10-14,11:15:00,251.5,253.14999389648438,250.60000610351562,250.60000610351562
2024-10-14,12:15:00,250.64999389648438,252.10000610351562,249.4499969482422,250.39999389648438
2024-10-14,13:15:00,250.8000030517578,251.0,248.89999389648438,248.89999389648438
2024-10-14,14:15:00,248.89999389648438,253.0,248.89999389648438,253.0
2024-10-14,15:15:00,252.5,254.0,250.10000610351562,253.35000610351562
2024-10-15,09:15:00,255.5500030517578,257.1499938964844,249.89999389648438,249.9499969482422
2024-10-15,10:15:00,249.64999389648438,250.8000030517578,249.64999389648438,249.85000610351562
2024-10-15,11:15:00,250.25,252.39999389648438,249.60000610351562,251.0
2024-10-15,12:15:00,251.0,252.0,250.3000030517578,251.0
2024-10-15,13:15:00,250.9499969482422,252.85000610351562,250.9499969482422,252.0500030517578
2024-10-15,14:15:00,252.0,254.0,251.1999969482422,253.0500030517578
2024-10-15,15:15:00,253.0500030517578,260.75,252.85000610351562,260.75
2024-10-16,09:15:00,259.8999938964844,260.0,257.29998779296875,258.8999938964844
2024-10-16,10:15:00,258.8500061035156,263.95001220703125,258.54998779296875,260.0
2024-10-16,11:15:00,259.95001220703125,263.0,258.0,261.45001220703125
2024-10-16,12:15:00,261.0,263.0,261.0,261.0
2024-10-16,13:15:00,261.0,265.79998779296875,261.0,264.5
2024-10-16,14:15:00,264.95001220703125,265.5,262.0,264.45001220703125
2024-10-16,15:15:00,264.5,267.20001220703125,264.5,266.0
2024-10-17,09:15:00,269.29998779296875,269.29998779296875,261.6000061035156,262.3500061035156
2024-10-17,10:15:00,263.25,264.54998779296875,261.8999938964844,262.6000061035156
2024-10-17,11:15:00,262.8999938964844,262.8999938964844,256.6499938964844,257.3500061035156
2024-10-17,12:15:00,258.1000061035156,258.8999938964844,256.0,256.0
2024-10-17,13:15:00,256.3500061035156,257.5,255.0,256.0
2024-10-17,14:15:00,256.25,257.6000061035156,254.5,254.60000610351562
2024-10-17,15:15:00,254.89999389648438,256.5,253.3000030517578,256.0
2024-10-18,09:15:00,255.0500030517578,255.3000030517578,247.9499969482422,252.0
2024-10-18,10:15:00,251.5,254.9499969482422,251.5,253.5
2024-10-18,11:15:00,253.10000610351562,256.3999938964844,252.25,254.39999389648438
2024-10-18,12:15:00,254.9499969482422,258.1499938964844,254.35000610351562,256.6000061035156
2024-10-18,13:15:00,257.1499938964844,258.29998779296875,255.85000610351562,256.0
2024-10-18,14:15:00,256.45001220703125,258.0,253.75,255.0
2024-10-18,15:15:00,255.0,255.35000610351562,252.5,254.64999389648438
2024-10-21,09:15:00,257.8500061035156,260.6000061035156,250.39999389648438,253.14999389648438
2024-10-21,10:15:00,253.64999389648438,256.0,253.0500030517578,253.3000030517578
2024-10-21,11:15:00,253.3000030517578,253.6999969482422,248.60000610351562,250.60000610351562
2024-10-21,12:15:00,250.3000030517578,250.75,249.0500030517578,250.3000030517578
2024-10-21,13:15:00,250.0,251.0,246.64999389648438,247.0
2024-10-21,14:15:00,246.8000030517578,249.4499969482422,246.8000030517578,247.39999389648438
2024-10-21,15:15:00,247.39999389648438,248.6999969482422,246.5,247.4499969482422
2024-10-22,09:15:00,250.0,251.39999389648438,243.25,244.5
2024-10-22,10:15:00,244.5,247.0,241.0,246.60000610351562
2024-10-22,11:15:00,245.5,247.1999969482422,241.1999969482422,243.0
2024-10-22,12:15:00,243.0,244.85000610351562,241.60000610351562,243.1999969482422
2024-10-22,13:15:00,243.5500030517578,247.4499969482422,242.1999969482422,246.39999389648438
2024-10-22,14:15:00,246.8000030517578,249.89999389648438,240.60000610351562,241.5
2024-10-22,15:15:00,241.39999389648438,242.10000610351562,239.0,239.0
2024-10-23,09:15:00,236.5500030517578,244.0,234.3000030517578,242.75
2024-10-23,10:15:00,242.64999389648438,246.0,242.5500030517578,244.0
2024-10-23,11:15:00,244.4499969482422,245.60000610351562,242.10000610351562,242.10000610351562
2024-10-23,12:15:00,242.6999969482422,243.1999969482422,239.5500030517578,240.10000610351562
2024-10-23,13:15:00,240.1999969482422,243.4499969482422,240.0,241.0
2024-10-23,14:15:00,241.0,241.1999969482422,236.0,236.89999389648438
2024-10-23,15:15:00,236.89999389648438,239.5,236.5500030517578,237.64999389648438
2024-10-24,09:15:00,238.0,239.4499969482422,236.10000610351562,238.10000610351562
2024-10-24,10:15:00,238.5500030517578,240.85000610351562,238.0,238.1999969482422
2024-10-24,11:15:00,238.1999969482422,240.4499969482422,237.60000610351562,239.8000030517578
2024-10-24,12:15:00,239.35000610351562,239.5,237.8000030517578,239.39999389648438
2024-10-24,13:15:00,239.3000030517578,239.4499969482422,237.64999389648438,239.35000610351562
2024-10-24,14:15:00,238.9499969482422,240.39999389648438,238.64999389648438,239.9499969482422
2024-10-24,15:15:00,240.0,241.0,239.6999969482422,240.60000610351562
2024-10-25,09:15:00,241.4499969482422,242.25,232.10000610351562,232.5
2024-10-25,10:15:00,232.5,232.5,229.8000030517578,231.5
2024-10-25,11:15:00,231.5,235.75,231.14999389648438,234.1999969482422
2024-10-25,12:15:00,234.5500030517578,234.89999389648438,232.0500030517578,234.0
2024-10-25,13:15:00,234.0500030517578,234.60000610351562,233.14999389648438,233.5
2024-10-25,14:15:00,233.75,234.9499969482422,229.89999389648438,231.8000030517578
2024-10-25,15:15:00,231.6999969482422,231.6999969482422,230.14999389648438,231.0
2024-10-28,09:15:00,230.1999969482422,232.0500030517578,226.39999389648438,229.39999389648438
2024-10-28,10:15:00,229.8000030517578,233.64999389648438,229.8000030517578,233.60000610351562
2024-10-28,11:15:00,233.5500030517578,235.0,233.5500030517578,234.89999389648438
2024-10-28,12:15:00,234.4499969482422,244.10000610351562,233.85000610351562,241.0
2024-10-28,13:15:00,241.3000030517578,242.3000030517578,236.0,236.60000610351562
2024-10-28,14:15:00,236.89999389648438,239.1999969482422,235.14999389648438,238.35000610351562
2024-10-28,15:15:00,238.35000610351562,239.9499969482422,238.35000610351562,239.35000610351562
2024-10-29,09:15:00,236.5500030517578,239.25,236.39999389648438,238.35000610351562
2024-10-29,10:15:00,238.35000610351562,239.14999389648438,236.1999969482422,238.25
2024-10-29,11:15:00,238.64999389648438,242.0,237.8000030517578,241.64999389648438
2024-10-29,12:15:00,241.8000030517578,242.39999389648438,238.64999389648438,239.10000610351562
2024-10-29,13:15:00,240.25,241.4499969482422,239.60000610351562,240.85000610351562
2024-10-29,14:15:00,241.1999969482422,243.60000610351562,240.0,240.39999389648438
2024-10-29,15:15:00,240.0,242.5,240.0,241.64999389648438
2024-10-30,09:15:00,241.60000610351562,249.5,241.1999969482422,247.64999389648438
2024-10-30,10:15:00,247.5,250.6999969482422,247.5,249.9499969482422
2024-10-30,11:15:00,249.9499969482422,249.9499969482422,247.0500030517578,247.6999969482422
2024-10-30,12:15:00,247.89999389648438,248.5500030517578,247.0500030517578,247.60000610351562
2024-10-30,13:15:00,247.5,248.8000030517578,246.0500030517578,246.3000030517578
2024-10-30,14:15:00,246.3000030517578,250.3000030517578,246.3000030517578,248.5
2024-10-30,15:15:00,248.0500030517578,250.0,247.14999389648438,248.6999969482422
2024-10-31,09:15:00,248.6999969482422,251.6999969482422,247.8000030517578,250.9499969482422
2024-10-31,10:15:00,250.89999389648438,250.89999389648438,248.89999389648438,249.4499969482422
2024-10-31,11:15:00,249.4499969482422,250.0,249.0,249.3000030517578
2024-10-31,12:15:00,249.3000030517578,249.3000030517578,246.60000610351562,247.5
2024-10-31,13:15:00,246.0,247.5500030517578,246.0,246.64999389648438
2024-10-31,14:15:00,246.64999389648438,249.5,246.0500030517578,248.0
2024-10-31,15:15:00,248.0500030517578,250.0,246.60000610351562,248.35000610351562
2024-11-04,09:15:00,251.6999969482422,251.6999969482422,243.10000610351562,243.58999633789062
2024-11-04,10:15:00,243.0,245.1199951171875,242.52999877929688,243.0
2024-11-04,11:15:00,243.08999633789062,244.88999938964844,242.6699981689453,244.0
2024-11-04,12:15:00,244.55999755859375,244.55999755859375,243.0,244.1999969482422
2024-11-04,13:15:00,244.6199951171875,244.94000244140625,243.5,244.52000427246094
2024-11-04,14:15:00,244.3300018310547,244.8000030517578,242.5,243.8699951171875
2024-11-04,15:15:00,243.02000427246094,245.89999389648438,242.0,244.0
2024-11-05,09:15:00,244.0,245.6999969482422,243.0,244.19000244140625
2024-11-05,10:15:00,244.25,245.89999389648438,243.75,245.33999633789062
2024-11-05,11:15:00,245.33999633789062,245.89999389648438,243.80999755859375,245.5399932861328
2024-11-05,12:15:00,245.8000030517578,246.0,244.3800048828125,245.22999572753906
2024-11-05,13:15:00,245.33999633789062,248.39999389648438,244.38999938964844,248.39999389648438
2024-11-05,14:15:00,248.39999389648438,250.1999969482422,247.41000366210938,249.35000610351562
2024-11-05,15:15:00,249.35000610351562,252.07000732421875,249.0,250.50999450683594
2024-11-06,09:15:00,253.88999938964844,253.99000549316406,250.41000366210938,251.85000610351562
2024-11-06,10:15:00,251.85000610351562,254.4499969482422,251.85000610351562,253.69000244140625
2024-11-06,11:15:00,253.60000610351562,254.99000549316406,252.72000122070312,254.5
2024-11-06,12:15:00,253.4499969482422,255.1999969482422,252.80999755859375,255.1999969482422
2024-11-06,13:15:00,255.19000244140625,255.19000244140625,252.50999450683594,253.24000549316406
2024-11-06,14:15:00,253.80999755859375,256.0,251.27000427246094,255.5
2024-11-06,15:15:00,255.00999450683594,255.00999450683594,253.16000366210938,253.1999969482422
2024-11-07,09:15:00,254.64999389648438,255.27999877929688,251.2899932861328,251.8300018310547
2024-11-07,10:15:00,251.8300018310547,253.35000610351562,251.00999450683594,252.74000549316406
2024-11-07,11:15:00,252.77999877929688,252.77999877929688,251.47000122070312,252.02999877929688
2024-11-07,12:15:00,252.07000732421875,252.07000732421875,250.1999969482422,250.8800048828125
2024-11-07,13:15:00,250.8699951171875,250.8699951171875,247.0,249.9600067138672
2024-11-07,14:15:00,249.9199981689453,254.17999267578125,249.75999450683594,254.0
2024-11-07,15:15:00,252.0,253.41000366210938,248.00999450683594,250.0
2024-11-08,09:15:00,247.36000061035156,250.66000366210938,247.36000061035156,249.99000549316406
2024-11-08,10:15:00,249.4199981689453,250.0,247.8300018310547,247.8300018310547
2024-11-08,11:15:00,247.41000366210938,247.6999969482422,245.5,246.00999450683594
2024-11-08,12:15:00,246.52999877929688,247.25999450683594,245.0,247.0500030517578
2024-11-08,13:15:00,246.8699951171875,246.92999267578125,246.0,246.72000122070312
2024-11-08,14:15:00,246.25,246.8000030517578,242.36000061035156,243.60000610351562
2024-11-08,15:15:00,243.60000610351562,244.99000549316406,242.14999389648438,244.5
2024-11-11,09:15:00,244.5,244.5,239.1300048828125,240.0
2024-11-11,10:15:00,240.19000244140625,241.55999755859375,239.74000549316406,241.55999755859375
2024-11-11,11:15:00,241.10000610351562,241.64999389648438,239.82000732421875,239.8699951171875
2024-11-11,12:15:00,240.08999633789062,240.52000427246094,239.5,239.86000061035156
2024-11-11,13:15:00,239.58999633789062,239.9199981689453,239.5,239.83999633789062
2024-11-11,14:15:00,239.5399932861328,240.0,239.0,239.58999633789062
2024-11-11,15:15:00,239.77000427246094,239.77000427246094,239.0,239.05999755859375
2024-11-12,09:15:00,239.75,240.41000366210938,238.47000122070312,238.47000122070312
2024-11-12,10:15:00,238.47000122070312,238.8300018310547,236.55999755859375,237.89999389648438
2024-11-12,11:15:00,237.8800048828125,239.5500030517578,237.08999633789062,238.57000732421875
2024-11-12,12:15:00,237.5,241.25,234.88999938964844,235.69000244140625
2024-11-12,13:15:00,235.72000122070312,235.74000549316406,234.3800048828125,235.0
2024-11-12,14:15:00,234.39999389648438,234.89999389648438,230.99000549316406,231.47999572753906
2024-11-12,15:15:00,231.47999572753906,234.4600067138672,230.07000732421875,231.75999450683594
2024-11-13,09:15:00,230.44000244140625,232.6999969482422,225.69000244140625,226.64999389648438
2024-11-13,10:15:00,226.58999633789062,230.5,226.00999450683594,228.57000732421875
2024-11-13,11:15:00,228.52000427246094,228.75,226.10000610351562,226.58999633789062
2024-11-13,12:15:00,226.3699951171875,227.14999389648438,226.13999938964844,226.85000610351562
2024-11-13,13:15:00,227.22000122070312,227.8000030517578,226.0,227.35000610351562
2024-11-13,14:15:00,227.1199951171875,227.1199951171875,225.5,226.33999633789062
2024-11-13,15:15:00,225.88999938964844,226.50999450683594,225.5,226.5
2024-11-14,09:15:00,225.3000030517578,230.0,225.0500030517578,228.64999389648438
2024-11-14,10:15:00,228.6199951171875,229.58999633789062,228.24000549316406,228.24000549316406
2024-11-14,11:15:00,227.61000061035156,231.8000030517578,226.75,231.8000030517578
2024-11-14,12:15:00,231.0,231.89999389648438,230.77000427246094,231.83999633789062
2024-11-14,13:15:00,231.85000610351562,231.9499969482422,230.77000427246094,231.0
2024-11-14,14:15:00,231.3000030517578,231.9499969482422,230.77000427246094,231.19000244140625
2024-11-14,15:15:00,230.92999267578125,231.58999633789062,230.27999877929688,230.75
2024-11-18,09:15:00,231.4499969482422,232.38999938964844,228.25,230.9199981689453
2024-11-18,10:15:00,230.92999267578125,231.0,228.47999572753906,229.0500030517578
2024-11-18,11:15:00,229.05999755859375,229.49000549316406,227.35000610351562,228.7899932861328
2024-11-18,12:15:00,228.77999877929688,229.9499969482422,227.55999755859375,228.02999877929688
2024-11-18,13:15:00,228.0,228.10000610351562,226.4499969482422,226.8699951171875
2024-11-18,14:15:00,227.1999969482422,227.61000061035156,225.5,225.85000610351562
2024-11-18,15:15:00,225.85000610351562,226.97000122070312,225.3699951171875,226.89999389648438
2024-11-19,09:15:00,227.0500030517578,230.58999633789062,227.0500030517578,230.0
2024-11-19,10:15:00,230.58999633789062,232.0,228.88999938964844,231.0500030517578
2024-11-19,11:15:00,231.02000427246094,231.27000427246094,229.35000610351562,229.3800048828125
2024-11-19,12:15:00,230.1199951171875,230.8800048828125,229.8000030517578,230.0
2024-11-19,13:15:00,229.00999450683594,230.8800048828125,229.00999450683594,230.39999389648438
2024-11-19,14:15:00,229.0,230.69000244140625,228.5,229.2899932861328
2024-11-19,15:15:00,228.52000427246094,229.25,227.0,229.10000610351562
2024-11-21,09:15:00,231.7899932861328,231.7899932861328,226.02000427246094,226.47999572753906
2024-11-21,10:15:00,225.10000610351562,226.72000122070312,225.10000610351562,226.3300018310547
2024-11-21,11:15:00,226.32000732421875,226.58999633789062,224.5,225.75999450683594
2024-11-21,12:15:00,226.13999938964844,226.14999389648438,225.00999450683594,225.8800048828125
2024-11-21,13:15:00,225.8800048828125,227.0,225.41000366210938,226.60000610351562
2024-11-21,14:15:00,226.10000610351562,226.8000030517578,225.1300048828125,226.10000610351562
2024-11-21,15:15:00,226.1699981689453,227.0,224.89999389648438,225.52999877929688
2024-11-22,09:15:00,226.1999969482422,227.9199981689453,225.2100067138672,227.1699981689453
2024-11-22,10:15:00,226.66000366210938,229.61000061035156,226.66000366210938,229.13999938964844
2024-11-22,11:15:00,229.60000610351562,230.5,229.2899932861328,230.44000244140625
2024-11-22,12:15:00,230.02000427246094,230.99000549316406,230.0,230.24000549316406
2024-11-22,13:15:00,230.64999389648438,231.8000030517578,230.4199981689453,231.35000610351562
2024-11-22,14:15:00,231.36000061035156,231.8699951171875,230.22000122070312,231.30999755859375
2024-11-22,15:15:00,231.30999755859375,232.0,230.86000061035156,231.41000366210938
2024-11-25,09:15:00,235.99000549316406,235.99000549316406,231.1199951171875,232.0500030517578
2024-11-25,10:15:00,232.47000122070312,233.5,232.0,232.5800018310547
2024-11-25,11:15:00,232.5800018310547,234.0,232.5800018310547,233.61000061035156
2024-11-25,12:15:00,233.97000122070312,233.97000122070312,232.02000427246094,232.66000366210938
2024-11-25,13:15:00,232.99000549316406,232.99000549316406,231.42999267578125,232.3300018310547
2024-11-25,14:15:00,232.60000610351562,233.0,232.0,232.64999389648438
2024-11-25,15:15:00,232.8300018310547,233.99000549316406,232.0,232.86000061035156
2024-11-26,09:15:00,234.0,234.8699951171875,229.75,230.0
2024-11-26,10:15:00,230.0800018310547,230.25,229.32000732421875,230.10000610351562
2024-11-26,11:15:00,229.67999267578125,230.14999389648438,229.61000061035156,229.64999389648438
2024-11-26,12:15:00,230.02999877929688,230.02999877929688,228.39999389648438,229.25
2024-11-26,13:15:00,229.55999755859375,233.92999267578125,229.55999755859375,233.0
2024-11-26,14:15:00,233.00999450683594,234.07000732421875,232.3800048828125,232.6699981689453
2024-11-26,15:15:00,232.3800048828125,237.25,232.3800048828125,237.0
2024-11-27,09:15:00,237.0500030517578,241.52000427246094,234.10000610351562,239.22999572753906
2024-11-27,10:15:00,239.13999938964844,240.60000610351562,238.14999389648438,240.4600067138672
2024-11-27,11:15:00,240.0500030517578,241.0,238.0,241.0
2024-11-27,12:15:00,241.0,242.0,240.25,240.47000122070312
2024-11-27,13:15:00,240.50999450683594,242.36000061035156,240.0500030517578,240.5
2024-11-27,14:15:00,240.05999755859375,243.0,239.27999877929688,241.0500030517578
2024-11-27,15:15:00,240.3000030517578,242.6300048828125,240.0,240.1999969482422
2024-11-28,09:15:00,241.16000366210938,246.4499969482422,240.75,244.24000549316406
2024-11-28,10:15:00,243.2100067138672,244.8300018310547,242.5,243.0
2024-11-28,11:15:00,243.0,243.0800018310547,241.99000549316406,242.19000244140625
2024-11-28,12:15:00,242.0,242.3800048828125,241.1999969482422,241.66000366210938
2024-11-28,13:15:00,242.6999969482422,244.3000030517578,242.32000732421875,242.85000610351562
2024-11-28,14:15:00,242.83999633789062,245.0,242.0,244.66000366210938
2024-11-28,15:15:00,244.5800018310547,244.97000122070312,243.30999755859375,244.5
2024-11-29,09:15:00,243.0,245.00999450683594,242.39999389648438,242.63999938964844
2024-11-29,10:15:00,242.5,244.1199951171875,240.80999755859375,244.1199951171875
2024-11-29,11:15:00,244.1199951171875,244.5800018310547,240.1999969482422,243.0
2024-11-29,12:15:00,244.61000061035156,247.83999633789062,243.61000061035156,247.00999450683594
2024-11-29,13:15:00,248.85000610351562,248.8699951171875,245.02000427246094,245.77999877929688
2024-11-29,14:15:00,245.69000244140625,246.8699951171875,245.0500030517578,246.25
2024-11-29,15:15:00,246.3000030517578,247.0,244.0500030517578,244.0500030517578
2024-12-02,09:15:00,245.89999389648438,245.9499969482422,243.0,243.6199951171875
2024-12-02,10:15:00,243.35000610351562,244.0,242.0,242.61000061035156
2024-12-02,11:15:00,242.92999267578125,243.0,241.89999389648438,242.7100067138672
2024-12-02,12:15:00,242.49000549316406,242.89999389648438,242.0,242.4600067138672
2024-12-02,13:15:00,242.69000244140625,242.69000244140625,241.5500030517578,241.60000610351562
2024-12-02,14:15:00,242.0,242.8800048828125,241.60000610351562,241.9499969482422
2024-12-02,15:15:00,241.6999969482422,242.72999572753906,241.6999969482422,242.07000732421875
2024-12-03,09:15:00,243.88999938964844,243.88999938964844,239.5500030517578,241.0
2024-12-03,10:15:00,241.0,241.0,239.72000122070312,239.9600067138672
2024-12-03,11:15:00,239.9600067138672,241.2899932861328,239.89999389648438,240.7899932861328
2024-12-03,12:15:00,240.77999877929688,242.2899932861328,239.10000610351562,240.8300018310547
2024-12-03,13:15:00,240.10000610351562,242.3000030517578,240.10000610351562,241.05999755859375
2024-12-03,14:15:00,241.05999755859375,241.89999389648438,240.0500030517578,240.1999969482422
2024-12-03,15:15:00,240.33999633789062,240.9199981689453,239.25,240.35000610351562
2024-12-04,09:15:00,243.5,243.5,240.0,242.8300018310547
2024-12-04,10:15:00,242.7100067138672,243.0,241.0,241.6999969482422
2024-12-04,11:15:00,241.50999450683594,241.94000244140625,238.25,240.8300018310547
2024-12-04,12:15:00,240.00999450683594,243.0,240.0,242.8000030517578
2024-12-04,13:15:00,242.13999938964844,242.47999572753906,239.99000549316406,241.0
2024-12-04,14:15:00,241.0,242.8800048828125,239.0,241.02000427246094
2024-12-04,15:15:00,241.0399932861328,242.13999938964844,240.10000610351562,241.4499969482422
2024-12-05,09:15:00,240.08999633789062,243.49000549316406,239.08999633789062,241.10000610351562
2024-12-05,10:15:00,241.66000366210938,242.8000030517578,241.1300048828125,241.7100067138672
2024-12-05,11:15:00,241.4199981689453,241.89999389648438,240.75,241.89999389648438
2024-12-05,12:15:00,242.02000427246094,242.4499969482422,240.99000549316406,241.8300018310547
2024-12-05,13:15:00,241.8300018310547,242.0,240.80999755859375,240.80999755859375
2024-12-05,14:15:00,241.30999755859375,242.25,240.00999450683594,241.02000427246094
2024-12-05,15:15:00,242.25,243.5,241.08999633789062,242.6300048828125
2024-12-06,09:15:00,242.6300048828125,245.5,241.22000122070312,243.77999877929688
2024-12-06,10:15:00,242.85000610351562,243.72999572753906,241.10000610351562,242.47000122070312
2024-12-06,11:15:00,242.69000244140625,244.50999450683594,241.25999450683594,244.17999267578125
2024-12-06,12:15:00,243.8300018310547,244.5,242.86000061035156,243.11000061035156
2024-12-06,13:15:00,242.6999969482422,243.75999450683594,242.6999969482422,243.49000549316406
2024-12-06,14:15:00,243.47999572753906,244.89999389648438,241.11000061035156,243.86000061035156
2024-12-06,15:15:00,243.77000427246094,243.86000061035156,241.8000030517578,243.0500030517578
2024-12-09,09:15:00,244.88999938964844,250.99000549316406,243.02000427246094,248.19000244140625
2024-12-09,10:15:00,248.2100067138672,249.4499969482422,247.25,248.0
2024-12-09,11:15:00,248.1199951171875,249.74000549316406,247.57000732421875,249.38999938964844
2024-12-09,12:15:00,248.6999969482422,249.2899932861328,247.3800048828125,247.5
2024-12-09,13:15:00,247.47999572753906,248.30999755859375,247.42999267578125,247.55999755859375
2024-12-09,14:15:00,248.1699981689453,248.22000122070312,246.11000061035156,246.72000122070312
2024-12-09,15:15:00,246.5,248.22000122070312,246.27000427246094,247.00999450683594
2024-12-10,09:15:00,246.0,247.9600067138672,245.10000610351562,245.9199981689453
2024-12-10,10:15:00,246.5399932861328,247.88999938964844,245.75999450683594,247.3800048828125
2024-12-10,11:15:00,247.10000610351562,247.5,245.11000061035156,246.0800018310547
2024-12-10,12:15:00,245.69000244140625,246.0800018310547,244.00999450683594,245.22999572753906
2024-12-10,13:15:00,245.05999755859375,248.72999572753906,243.19000244140625,247.8300018310547
2024-12-10,14:15:00,247.8300018310547,249.32000732421875,245.75999450683594,246.35000610351562
2024-12-10,15:15:00,247.0,249.0,246.10000610351562,246.11000061035156
2024-12-11,09:15:00,247.10000610351562,248.7899932861328,246.02000427246094,248.39999389648438
2024-12-11,10:15:00,248.39999389648438,259.7900085449219,247.22000122070312,250.5500030517578
2024-12-11,11:15:00,251.0,251.82000732421875,249.19000244140625,249.55999755859375
2024-12-11,12:15:00,249.00999450683594,250.39999389648438,248.8000030517578,249.5
2024-12-11,13:15:00,249.5,250.99000549316406,249.0,249.63999938964844
2024-12-11,14:15:00,249.13999938964844,249.9199981689453,246.0500030517578,246.10000610351562
2024-12-11,15:15:00,246.1999969482422,248.0,245.5,246.5399932861328
2024-12-12,09:15:00,246.67999267578125,249.67999267578125,246.55999755859375,247.5
2024-12-12,10:15:00,247.5,248.10000610351562,246.49000549316406,246.49000549316406
2024-12-12,11:15:00,246.8800048828125,247.25,246.3000030517578,246.7899932861328
2024-12-12,12:15:00,246.75,247.17999267578125,246.0500030517578,246.47999572753906
2024-12-12,13:15:00,246.85000610351562,246.92999267578125,245.8000030517578,245.8000030517578
2024-12-12,14:15:00,245.75,246.0,243.8699951171875,244.35000610351562
2024-12-12,15:15:00,244.02000427246094,245.8000030517578,243.00999450683594,244.05999755859375
2024-12-13,09:15:00,243.89999389648438,244.38999938964844,239.75999450683594,240.0
2024-12-13,10:15:00,239.75999450683594,239.83999633789062,234.60000610351562,238.72999572753906
2024-12-13,11:15:00,238.72999572753906,239.5800018310547,237.41000366210938,239.1699981689453
2024-12-13,12:15:00,239.0500030517578,241.0500030517578,238.10000610351562,241.0500030517578
2024-12-13,13:15:00,240.99000549316406,241.25,240.0,240.88999938964844
2024-12-13,14:15:00,240.55999755859375,243.24000549316406,238.5800018310547,239.0
2024-12-13,15:15:00,239.0,240.89999389648438,238.0800018310547,238.6999969482422
2024-12-16,09:15:00,238.67999267578125,243.3000030517578,236.19000244140625,238.66000366210938
2024-12-16,10:15:00,238.39999389648438,238.6300048828125,237.10000610351562,238.42999267578125
2024-12-16,11:15:00,238.0,239.5500030517578,235.0,236.1999969482422
2024-12-16,12:15:00,236.1999969482422,237.0800018310547,235.0,237.0
2024-12-16,13:15:00,237.0,237.64999389648438,236.0,236.42999267578125
2024-12-16,14:15:00,236.0,240.0,235.41000366210938,238.2100067138672
2024-12-16,15:15:00,238.8000030517578,240.0,238.2100067138672,240.0
2024-12-17,09:15:00,238.10000610351562,239.89999389648438,238.10000610351562,238.82000732421875
2024-12-17,10:15:00,238.72999572753906,239.3800048828125,237.6999969482422,239.3800048828125
2024-12-17,11:15:00,239.2100067138672,239.2100067138672,236.41000366210938,238.27999877929688
2024-12-17,12:15:00,238.27999877929688,240.89999389648438,237.0,239.5500030517578
2024-12-17,13:15:00,239.1999969482422,240.47000122070312,238.49000549316406,240.47000122070312
2024-12-17,14:15:00,240.02000427246094,241.0,240.0,240.0
2024-12-17,15:15:00,240.13999938964844,240.8800048828125,240.00999450683594,240.00999450683594
2024-12-18,09:15:00,241.6999969482422,243.0,240.60000610351562,241.49000549316406
2024-12-18,10:15:00,241.5,243.5,241.25999450683594,242.42999267578125
2024-12-18,11:15:00,242.97000122070312,243.38999938964844,241.55999755859375,241.55999755859375
2024-12-18,12:15:00,242.35000610351562,243.0,241.25,242.4199981689453
2024-12-18,13:15:00,242.67999267578125,243.6999969482422,241.52999877929688,243.38999938964844
2024-12-18,14:15:00,243.38999938964844,244.0,241.10000610351562,243.00999450683594
2024-12-18,15:15:00,243.00999450683594,244.89999389648438,240.0,242.69000244140625
2024-12-19,09:15:00,237.8000030517578,239.52000427246094,235.16000366210938,236.8000030517578
2024-12-19,10:15:00,236.8000030517578,237.7899932861328,236.41000366210938,237.1199951171875
2024-12-19,11:15:00,237.5,239.0,237.02000427246094,237.77000427246094
2024-12-19,12:15:00,237.77000427246094,238.4499969482422,237.00999450683594,237.25
2024-12-19,13:15:00,237.57000732421875,237.57000732421875,235.25,235.94000244140625
2024-12-19,14:15:00,236.14999389648438,237.3000030517578,235.63999938964844,236.6199951171875
2024-12-19,15:15:00,236.6199951171875,239.0,236.6199951171875,237.99000549316406
2024-12-20,09:15:00,238.9499969482422,240.38999938964844,237.3699951171875,237.97000122070312
2024-12-20,10:15:00,237.97000122070312,240.1300048828125,237.97000122070312,239.80999755859375
2024-12-20,11:15:00,239.75,240.4499969482422,238.0,239.35000610351562
2024-12-20,12:15:00,238.85000610351562,239.6999969482422,237.0,237.0
2024-12-20,13:15:00,236.6300048828125,239.0,236.0,237.0399932861328
2024-12-20,14:15:00,236.88999938964844,239.0,236.02000427246094,236.63999938964844
2024-12-20,15:15:00,236.60000610351562,236.66000366210938,232.8300018310547,234.6999969482422
2024-12-23,09:15:00,238.1999969482422,238.38999938964844,232.1999969482422,233.1300048828125
2024-12-23,10:15:00,232.5,232.5,230.3000030517578,231.0
2024-12-23,11:15:00,231.5,233.1999969482422,230.30999755859375,230.83999633789062
2024-12-23,12:15:00,231.00999450683594,232.58999633789062,230.0,231.24000549316406
2024-12-23,13:15:00,231.24000549316406,232.25,229.1999969482422,231.8800048828125
2024-12-23,14:15:00,230.80999755859375,231.0,228.89999389648438,229.89999389648438
2024-12-23,15:15:00,229.89999389648438,229.99000549316406,228.61000061035156,229.2899932861328
2024-12-24,09:15:00,229.9499969482422,231.94000244140625,229.0,229.5
2024-12-24,10:15:00,229.5,230.7899932861328,228.5,229.19000244140625
2024-12-24,11:15:00,229.25,229.6999969482422,228.1199951171875,228.5
2024-12-24,12:15:00,228.5,229.3699951171875,227.64999389648438,229.30999755859375
2024-12-24,13:15:00,229.30999755859375,229.38999938964844,228.0,228.14999389648438
2024-12-24,14:15:00,228.13999938964844,232.02999877929688,227.50999450683594,232.02999877929688
2024-12-24,15:15:00,232.0,232.02000427246094,227.47999572753906,229.44000244140625
2024-12-26,09:15:00,229.44000244140625,232.0,229.1699981689453,230.07000732421875
2024-12-26,10:15:00,229.9499969482422,232.0,229.9499969482422,231.39999389648438
2024-12-26,11:15:00,231.8699951171875,232.0,231.1999969482422,231.94000244140625
2024-12-26,12:15:00,232.0,233.99000549316406,231.10000610351562,231.75999450683594
2024-12-26,13:15:00,231.77999877929688,232.1699981689453,231.10000610351562,231.61000061035156
2024-12-26,14:15:00,231.82000732421875,232.39999389648438,230.3300018310547,232.0
2024-12-26,15:15:00,233.0,233.97999572753906,232.2100067138672,232.97999572753906
2024-12-27,09:15:00,235.85000610351562,235.85000610351562,232.55999755859375,234.80999755859375
2024-12-27,10:15:00,234.8000030517578,237.16000366210938,234.5,237.14999389648438
2024-12-27,11:15:00,237.75,238.5,236.63999938964844,237.60000610351562
2024-12-27,12:15:00,237.97999572753906,237.99000549316406,236.14999389648438,237.94000244140625
2024-12-27,13:15:00,237.6199951171875,241.89999389648438,236.6199951171875,241.5
2024-12-27,14:15:00,241.8000030517578,246.0,241.8000030517578,245.80999755859375
2024-12-27,15:15:00,245.02000427246094,246.0,244.11000061035156,245.0500030517578
2024-12-30,09:15:00,241.97999572753906,243.52000427246094,237.9199981689453,240.89999389648438
2024-12-30,10:15:00,241.0,241.27000427246094,238.0,239.14999389648438
2024-12-30,11:15:00,239.1999969482422,239.1999969482422,236.0,236.5
2024-12-30,12:15:00,236.83999633789062,238.27999877929688,236.0,238.16000366210938
2024-12-30,13:15:00,238.16000366210938,238.50999450683594,235.0,235.38999938964844
2024-12-30,14:15:00,235.38999938964844,235.77999877929688,231.36000061035156,233.7899932861328
2024-12-30,15:15:00,233.10000610351562,234.4499969482422,232.08999633789062,233.35000610351562
2024-12-31,09:15:00,233.1999969482422,233.1999969482422,229.47999572753906,229.64999389648438
2024-12-31,10:15:00,229.8800048828125,231.3800048828125,229.8800048828125,231.3800048828125
2024-12-31,11:15:00,231.42999267578125,231.47000122070312,230.14999389648438,230.60000610351562
2024-12-31,12:15:00,230.6999969482422,231.16000366210938,230.0,230.55999755859375
2024-12-31,13:15:00,230.5800018310547,233.02000427246094,230.27000427246094,230.99000549316406
2024-12-31,14:15:00,231.0,231.77999877929688,228.0,231.02000427246094
2024-12-31,15:15:00,230.72000122070312,232.24000549316406,230.10000610351562,230.9499969482422
2025-01-01,09:15:00,231.00999450683594,234.58999633789062,231.00999450683594,233.91000366210938
2025-01-01,10:15:00,233.91000366210938,234.57000732421875,232.6999969482422,233.3800048828125
2025-01-01,11:15:00,233.4499969482422,234.89999389648438,233.2899932861328,234.89999389648438
2025-01-01,12:15:00,234.89999389648438,235.88999938964844,234.63999938964844,235.36000061035156
2025-01-01,13:15:00,235.3800048828125,236.97999572753906,235.24000549316406,235.89999389648438
2025-01-01,14:15:00,235.89999389648438,235.89999389648438,230.0500030517578,230.39999389648438
2025-01-01,15:15:00,230.5,230.8000030517578,229.00999450683594,230.10000610351562
2025-01-02,09:15:00,233.8699951171875,235.85000610351562,231.0,231.60000610351562
2025-01-02,10:15:00,231.60000610351562,232.97000122070312,230.8000030517578,232.10000610351562
2025-01-02,11:15:00,232.10000610351562,232.89999389648438,231.5,232.3300018310547
2025-01-02,12:15:00,232.25999450683594,232.64999389648438,229.88999938964844,232.38999938964844
2025-01-02,13:15:00,231.97000122070312,232.8699951171875,231.41000366210938,232.0
2025-01-02,14:15:00,232.14999389648438,232.89999389648438,231.0,231.00999450683594
2025-01-02,15:15:00,230.8300018310547,232.69000244140625,230.0500030517578,232.60000610351562
2025-01-03,09:15:00,231.89999389648438,236.89999389648438,231.80999755859375,233.25999450683594
2025-01-03,10:15:00,233.5,234.3000030517578,231.0,233.22999572753906
2025-01-03,11:15:00,232.86000061035156,234.0,232.0,233.97999572753906
2025-01-03,12:15:00,234.89999389648438,235.27000427246094,233.3800048828125,234.17999267578125
2025-01-03,13:15:00,234.13999938964844,234.80999755859375,232.5,233.9499969482422
2025-01-03,14:15:00,233.3699951171875,234.6199951171875,232.0,234.6199951171875
2025-01-03,15:15:00,233.99000549316406,233.99000549316406,232.0,232.75
2025-01-06,09:15:00,234.1999969482422,235.58999633789062,231.14999389648438,234.6199951171875
2025-01-06,10:15:00,234.16000366210938,234.58999633789062,232.5,233.2100067138672
2025-01-06,11:15:00,233.9600067138672,233.9600067138672,228.25,231.0
2025-01-06,12:15:00,231.39999389648438,231.39999389648438,229.0500030517578,230.77000427246094
2025-01-06,13:15:00,230.74000549316406,230.74000549316406,226.42999267578125,227.39999389648438
2025-01-06,14:15:00,227.61000061035156,232.97999572753906,227.1699981689453,231.19000244140625
2025-01-06,15:15:00,231.64999389648438,232.99000549316406,228.00999450683594,230.8000030517578
2025-01-07,09:15:00,228.7100067138672,232.9499969482422,228.7100067138672,230.49000549316406
2025-01-07,10:15:00,231.33999633789062,232.38999938964844,230.5500030517578,231.97000122070312
2025-01-07,11:15:00,232.02000427246094,235.0,232.02000427246094,234.0
2025-01-07,12:15:00,234.0,234.3800048828125,234.0,234.3800048828125
2025-01-07,13:15:00,234.36000061035156,234.3800048828125,233.97999572753906,234.33999633789062
2025-01-07,14:15:00,234.3699951171875,237.0,233.99000549316406,236.99000549316406
2025-01-07,15:15:00,236.99000549316406,237.0,234.0,235.99000549316406
2025-01-08,09:15:00,236.38999938964844,237.3699951171875,234.3000030517578,237.3699951171875
2025-01-08,10:15:00,236.8300018310547,238.74000549316406,236.13999938964844,238.39999389648438
2025-01-08,11:15:00,238.50999450683594,239.6999969482422,238.13999938964844,239.14999389648438
2025-01-08,12:15:00,239.0,239.10000610351562,237.25999450683594,238.0
2025-01-08,13:15:00,238.0,238.0,237.25,238.0
2025-01-08,14:15:00,237.8000030517578,239.94000244140625,237.5,239.5
2025-01-08,15:15:00,239.5,254.75,239.0800018310547,250.5
2025-01-09,09:15:00,247.1999969482422,249.0,240.66000366210938,242.3000030517578
2025-01-09,10:15:00,242.3000030517578,242.3000030517578,238.5,239.75
2025-01-09,11:15:00,239.44000244140625,239.94000244140625,237.75,238.22000122070312
2025-01-09,12:15:00,238.22000122070312,239.72999572753906,237.24000549316406,237.55999755859375
2025-01-09,13:15:00,238.14999389648438,239.58999633789062,237.50999450683594,238.32000732421875
2025-01-09,14:15:00,238.3300018310547,240.75,237.8699951171875,239.39999389648438
2025-01-09,15:15:00,240.10000610351562,240.49000549316406,237.35000610351562,239.1699981689453
2025-01-10,09:15:00,234.10000610351562,241.99000549316406,230.0,231.7100067138672
2025-01-10,10:15:00,231.8000030517578,235.7899932861328,231.8000030517578,235.7899932861328
2025-01-10,11:15:00,235.94000244140625,235.9600067138672,232.50999450683594,233.3800048828125
2025-01-10,12:15:00,233.22999572753906,233.75,232.58999633789062,233.39999389648438
2025-01-10,13:15:00,233.02000427246094,233.85000610351562,223.36000061035156,224.9199981689453
2025-01-10,14:15:00,224.36000061035156,226.75999450683594,223.60000610351562,224.85000610351562
2025-01-10,15:15:00,224.60000610351562,225.9499969482422,224.32000732421875,224.5500030517578
2025-01-13,09:15:00,224.86000061035156,229.58999633789062,219.99000549316406,221.2899932861328
2025-01-13,10:15:00,221.39999389648438,222.0399932861328,219.0,219.25
2025-01-13,11:15:00,219.0,219.7899932861328,216.60000610351562,217.5399932861328
2025-01-13,12:15:00,217.39999389648438,219.6199951171875,217.0399932861328,217.35000610351562
2025-01-13,13:15:00,217.6199951171875,218.0,215.0399932861328,217.0
2025-01-13,14:15:00,216.55999755859375,217.44000244140625,214.89999389648438,215.64999389648438
2025-01-13,15:15:00,215.00999450683594,220.0,213.07000732421875,215.89999389648438
2025-01-14,09:15:00,219.0,219.0,214.10000610351562,216.7899932861328
2025-01-14,10:15:00,216.91000366210938,218.74000549316406,214.6300048828125,216.22999572753906
2025-01-14,11:15:00,216.57000732421875,216.5800018310547,215.16000366210938,215.77999877929688
2025-01-14,12:15:00,215.77999877929688,215.99000549316406,214.61000061035156,215.1199951171875
2025-01-14,13:15:00,215.38999938964844,215.9600067138672,214.0800018310547,215.33999633789062
2025-01-14,14:15:00,215.0399932861328,216.0,213.5,215.0
2025-01-14,15:15:00,215.1999969482422,216.5,214.52999877929688,215.25
2025-01-15,09:15:00,218.0,219.7899932861328,215.0,215.8000030517578
2025-01-15,10:15:00,215.77999877929688,216.85000610351562,214.5,214.8300018310547
2025-01-15,11:15:00,215.0,216.47999572753906,213.97000122070312,215.94000244140625
2025-01-15,12:15:00,215.8300018310547,219.75,215.7899932861328,218.75999450683594
2025-01-15,13:15:00,218.6999969482422,218.6999969482422,216.83999633789062,216.94000244140625
2025-01-15,14:15:00,216.94000244140625,219.5,216.85000610351562,219.0
2025-01-15,15:15:00,218.4199981689453,219.19000244140625,215.8000030517578,217.8300018310547
2025-01-16,09:15:00,220.6999969482422,223.1999969482422,219.27999877929688,220.47000122070312
2025-01-16,10:15:00,220.30999755859375,221.89999389648438,220.0,221.50999450683594
2025-01-16,11:15:00,221.8800048828125,221.97999572753906,220.24000549316406,220.24000549316406
2025-01-16,12:15:00,220.63999938964844,221.39999389648438,220.0,221.19000244140625
2025-01-16,13:15:00,221.19000244140625,221.77999877929688,220.61000061035156,221.75999450683594
2025-01-16,14:15:00,221.72000122070312,221.89999389648438,221.0,221.5
2025-01-16,15:15:00,221.5,224.6999969482422,221.2100067138672,222.22000122070312
2025-01-17,09:15:00,222.60000610351562,222.99000549316406,220.2100067138672,222.16000366210938
2025-01-17,10:15:00,221.47999572753906,222.02999877929688,220.3000030517578,221.1699981689453
2025-01-17,11:15:00,221.5399932861328,222.58999633789062,221.02999877929688,221.94000244140625
2025-01-17,12:15:00,222.0,222.1999969482422,218.86000061035156,219.50999450683594
2025-01-17,13:15:00,219.64999389648438,221.00999450683594,217.16000366210938,218.0
2025-01-17,14:15:00,218.41000366210938,221.57000732421875,218.07000732421875,219.52000427246094
2025-01-17,15:15:00,219.1999969482422,220.5399932861328,218.5,220.0
2025-01-20,09:15:00,220.5,223.0,219.36000061035156,222.4600067138672
2025-01-20,10:15:00,222.94000244140625,225.0,222.41000366210938,224.7899932861328
2025-01-20,11:15:00,224.7899932861328,225.97999572753906,224.0,225.00999450683594
2025-01-20,12:15:00,225.0,229.00999450683594,224.32000732421875,228.3000030517578
2025-01-20,13:15:00,227.16000366210938,228.97999572753906,224.63999938964844,225.16000366210938
2025-01-20,14:15:00,225.16000366210938,226.85000610351562,223.0,224.4499969482422
2025-01-20,15:15:00,223.8699951171875,224.47999572753906,222.0,222.30999755859375
2025-01-21,09:15:00,225.39999389648438,233.19000244140625,221.05999755859375,221.75999450683594
2025-01-21,10:15:00,221.5,221.75,217.39999389648438,218.17999267578125
2025-01-21,11:15:00,218.64999389648438,221.97999572753906,217.50999450683594,219.72000122070312
2025-01-21,12:15:00,219.8699951171875,219.8699951171875,217.25,217.91000366210938
2025-01-21,13:15:00,217.91000366210938,219.52000427246094,217.5,218.63999938964844
2025-01-21,14:15:00,218.6199951171875,218.99000549316406,216.25,216.60000610351562
2025-01-21,15:15:00,216.5399932861328,216.99000549316406,215.10000610351562,216.1999969482422
2025-01-22,09:15:00,217.6199951171875,217.99000549316406,214.52999877929688,215.19000244140625
2025-01-22,10:15:00,214.88999938964844,216.3300018310547,214.3000030517578,214.5800018310547
2025-01-22,11:15:00,214.0,214.52000427246094,210.0,210.3800048828125
2025-01-22,12:15:00,211.0,214.0,211.0,212.3699951171875
2025-01-22,13:15:00,212.35000610351562,214.1199951171875,212.35000610351562,213.0
2025-01-22,14:15:00,212.86000061035156,215.11000061035156,211.64999389648438,212.63999938964844
2025-01-22,15:15:00,213.44000244140625,213.44000244140625,210.89999389648438,212.11000061035156
2025-01-23,09:15:00,211.22000122070312,214.10000610351562,210.1199951171875,211.64999389648438
2025-01-23,10:15:00,211.6699981689453,213.58999633789062,211.66000366210938,211.89999389648438
2025-01-23,11:15:00,211.89999389648438,212.0,211.1999969482422,211.5800018310547
2025-01-23,12:15:00,212.0,212.0,211.2899932861328,212.0
2025-01-23,13:15:00,212.0,212.39999389648438,211.1999969482422,211.63999938964844
2025-01-23,14:15:00,211.9600067138672,212.0,211.1999969482422,212.0
2025-01-23,15:15:00,211.47999572753906,212.0,211.42999267578125,211.74000549316406
2025-01-24,09:15:00,212.1199951171875,214.0800018310547,209.00999450683594,212.10000610351562
2025-01-24,10:15:00,212.02999877929688,212.49000549316406,210.41000366210938,211.72999572753906
2025-01-24,11:15:00,211.72999572753906,213.0,210.27999877929688,211.72999572753906
2025-01-24,12:15:00,212.0,214.0,210.0,211.94000244140625
2025-01-24,13:15:00,211.89999389648438,211.89999389648438,210.5800018310547,210.8699951171875
2025-01-24,14:15:00,210.80999755859375,211.0,209.0,209.55999755859375
2025-01-24,15:15:00,209.19000244140625,210.0,209.00999450683594,210.0
2025-01-27,09:15:00,215.13999938964844,215.13999938964844,198.92999267578125,199.75
2025-01-27,10:15:00,199.9199981689453,203.0,198.3300018310547,201.2100067138672
2025-01-27,11:15:00,201.55999755859375,201.7899932861328,198.8800048828125,200.0
2025-01-27,12:15:00,200.94000244140625,203.0,200.33999633789062,201.85000610351562
2025-01-27,13:15:00,201.91000366210938,202.3699951171875,199.6999969482422,201.5
2025-01-27,14:15:00,201.8000030517578,202.27999877929688,199.0,199.41000366210938
2025-01-27,15:15:00,199.8699951171875,200.49000549316406,199.0,199.5
2025-01-28,09:15:00,200.2100067138672,202.99000549316406,188.41000366210938,190.7899932861328
2025-01-28,10:15:00,190.2100067138672,192.55999755859375,190.0,191.0
2025-01-28,11:15:00,191.05999755859375,193.0,190.1999969482422,192.75999450683594
2025-01-28,12:15:00,193.89999389648438,197.4499969482422,193.44000244140625,195.38999938964844
2025-01-28,13:15:00,195.38999938964844,196.38999938964844,193.92999267578125,195.75
2025-01-28,14:15:00,194.80999755859375,196.1199951171875,192.24000549316406,193.3000030517578
2025-01-28,15:15:00,193.2899932861328,203.0,193.1999969482422,193.6699981689453
2025-01-29,09:15:00,198.99000549316406,200.52999877929688,196.16000366210938,198.72999572753906
2025-01-29,10:15:00,199.5,199.7899932861328,198.1199951171875,199.3300018310547
2025-01-29,11:15:00,199.30999755859375,199.38999938964844,197.7100067138672,199.0
2025-01-29,12:15:00,199.0,199.63999938964844,197.61000061035156,199.0
2025-01-29,13:15:00,199.0,199.97000122070312,198.64999389648438,199.85000610351562
2025-01-29,14:15:00,199.69000244140625,205.0,199.5500030517578,203.63999938964844
2025-01-29,15:15:00,203.88999938964844,203.88999938964844,199.25,199.25
2025-01-30,09:15:00,202.52000427246094,202.69000244140625,199.11000061035156,202.0
2025-01-30,10:15:00,201.6699981689453,203.58999633789062,201.27000427246094,202.02000427246094
2025-01-30,11:15:00,202.5,203.5,201.61000061035156,202.82000732421875
2025-01-30,12:15:00,203.00999450683594,203.24000549316406,201.27999877929688,202.0
2025-01-30,13:15:00,202.0,202.0,199.3000030517578,199.52999877929688
2025-01-30,14:15:00,199.75,200.0,198.32000732421875,198.5399932861328
2025-01-30,15:15:00,199.0,199.0,196.16000366210938,197.97999572753906
2025-01-31,09:15:00,198.0,201.66000366210938,197.24000549316406,200.5
2025-01-31,10:15:00,200.42999267578125,203.5,200.39999389648438,202.0
2025-01-31,11:15:00,201.5,202.5,200.6999969482422,202.0
2025-01-31,12:15:00,202.0,202.49000549316406,199.5,199.85000610351562
2025-01-31,13:15:00,199.85000610351562,200.0,197.0,198.5
2025-01-31,14:15:00,198.72000122070312,200.25,197.8000030517578,199.60000610351562
2025-01-31,15:15:00,199.5800018310547,202.0,198.32000732421875,199.22999572753906
2025-02-03,09:15:00,196.88999938964844,198.3000030517578,194.13999938964844,195.77999877929688
2025-02-03,10:15:00,195.5,196.0,194.17999267578125,196.0
2025-02-03,11:15:00,196.0,196.0,193.07000732421875,193.07000732421875
2025-02-03,12:15:00,193.05999755859375,193.75,192.5,193.3000030517578
2025-02-03,13:15:00,193.38999938964844,193.75,188.89999389648438,189.0
2025-02-03,14:15:00,189.55999755859375,191.5,188.89999389648438,189.35000610351562
2025-02-03,15:15:00,189.38999938964844,189.91000366210938,188.52000427246094,189.0
2025-02-04,09:15:00,192.00999450683594,194.2899932861328,192.00999450683594,192.8000030517578
2025-02-04,10:15:00,192.94000244140625,193.0,191.27000427246094,192.0
2025-02-04,11:15:00,192.0,192.8000030517578,191.10000610351562,191.66000366210938
2025-02-04,12:15:00,191.86000061035156,193.8699951171875,191.24000549316406,192.25
2025-02-04,13:15:00,192.25,192.47999572753906,188.99000549316406,190.0
2025-02-04,14:15:00,189.89999389648438,191.66000366210938,189.89999389648438,191.0
2025-02-04,15:15:00,191.0,192.88999938964844,190.0,191.3000030517578
2025-02-05,09:15:00,192.4199981689453,195.91000366210938,192.4199981689453,194.60000610351562
2025-02-05,10:15:00,194.6699981689453,195.0,194.0,194.72000122070312
2025-02-05,11:15:00,194.7100067138672,195.5,194.7100067138672,195.14999389648438
2025-02-05,12:15:00,195.14999389648438,195.49000549316406,194.75,195.0
2025-02-05,13:15:00,195.08999633789062,195.08999633789062,194.2100067138672,194.5
2025-02-05,14:15:00,194.5,195.0,193.33999633789062,193.55999755859375
2025-02-05,15:15:00,194.5500030517578,195.0,193.60000610351562,194.47000122070312
2025-02-06,09:15:00,195.64999389648438,195.69000244140625,194.11000061035156,194.8800048828125
2025-02-06,10:15:00,194.8800048828125,195.0,194.38999938964844,194.74000549316406
2025-02-06,11:15:00,194.99000549316406,196.0,193.61000061035156,193.61000061035156
2025-02-06,12:15:00,193.85000610351562,193.9499969482422,193.0,193.9499969482422
2025-02-06,13:15:00,193.9499969482422,194.08999633789062,193.30999755859375,193.72999572753906
2025-02-06,14:15:00,193.72000122070312,194.0,193.0,193.0
2025-02-06,15:15:00,193.60000610351562,193.89999389648438,193.00999450683594,193.8000030517578
2025-02-07,09:15:00,194.99000549316406,195.0,192.16000366210938,193.8000030517578
2025-02-07,10:15:00,193.3000030517578,193.75999450683594,188.10000610351562,191.0399932861328
2025-02-07,11:15:00,191.1199951171875,193.0,190.99000549316406,190.99000549316406
2025-02-07,12:15:00,190.5800018310547,192.6699981689453,190.5800018310547,191.89999389648438
2025-02-07,13:15:00,191.88999938964844,192.6699981689453,190.2899932861328,190.2899932861328
2025-02-07,14:15:00,190.64999389648438,190.97999572753906,189.00999450683594,189.00999450683594
2025-02-07,15:15:00,189.10000610351562,190.0,189.0,189.82000732421875
2025-02-10,09:15:00,187.9499969482422,189.7899932861328,182.8800048828125,183.74000549316406
2025-02-10,10:15:00,183.74000549316406,184.8000030517578,176.8000030517578,184.0
2025-02-10,11:15:00,184.0,184.0,175.0,176.39999389648438
2025-02-10,12:15:00,176.25999450683594,180.58999633789062,176.25999450683594,178.67999267578125
2025-02-10,13:15:00,178.67999267578125,178.85000610351562,177.36000061035156,177.5399932861328
2025-02-10,14:15:00,177.5,185.6699981689453,177.35000610351562,184.97000122070312
2025-02-10,15:15:00,185.4499969482422,186.86000061035156,181.99000549316406,182.0
2025-02-11,09:15:00,185.0,185.00999450683594,177.0,177.50999450683594
2025-02-11,10:15:00,177.80999755859375,178.80999755859375,177.08999633789062,177.97000122070312
2025-02-11,11:15:00,177.52999877929688,177.5800018310547,176.00999450683594,176.14999389648438
2025-02-11,12:15:00,176.27999877929688,177.25,174.5,174.64999389648438
2025-02-11,13:15:00,174.64999389648438,177.0500030517578,174.64999389648438,176.14999389648438
2025-02-11,14:15:00,176.14999389648438,178.55999755859375,176.0,178.0
2025-02-11,15:15:00,178.3000030517578,180.00999450683594,178.0,178.80999755859375
2025-02-12,09:15:00,175.6300048828125,180.38999938964844,169.91000366210938,169.91000366210938
2025-02-12,10:15:00,169.97999572753906,171.2100067138672,168.5399932861328,169.49000549316406
2025-02-12,11:15:00,169.49000549316406,174.85000610351562,169.0,173.3800048828125
2025-02-12,12:15:00,173.19000244140625,175.58999633789062,173.0,175.58999633789062
2025-02-12,13:15:00,175.5800018310547,175.77999877929688,173.0,173.75999450683594
2025-02-12,14:15:00,173.8300018310547,174.52000427246094,173.25,173.32000732421875
2025-02-12,15:15:00,173.5,174.41000366210938,173.0,173.30999755859375
2025-02-13,09:15:00,175.0,176.6699981689453,172.00999450683594,176.14999389648438
2025-02-13,10:15:00,176.35000610351562,178.77999877929688,176.0,177.5
2025-02-13,11:15:00,177.77000427246094,179.1300048828125,176.50999450683594,178.27000427246094
2025-02-13,12:15:00,178.6300048828125,179.72000122070312,178.11000061035156,178.2100067138672
2025-02-13,13:15:00,178.2100067138672,178.36000061035156,176.0,176.58999633789062
2025-02-13,14:15:00,176.5800018310547,176.63999938964844,174.0,174.8800048828125
2025-02-13,15:15:00,174.1999969482422,174.85000610351562,172.00999450683594,173.75
2025-02-14,09:15:00,174.60000610351562,174.83999633789062,168.61000061035156,168.97000122070312
2025-02-14,10:15:00,169.13999938964844,169.25,163.77999877929688,165.0
2025-02-14,11:15:00,164.82000732421875,165.3300018310547,162.80999755859375,163.38999938964844
2025-02-14,12:15:00,163.38999938964844,163.8000030517578,159.7899932861328,159.7899932861328
2025-02-14,13:15:00,160.0800018310547,163.77999877929688,159.8000030517578,161.75
2025-02-14,14:15:00,161.82000732421875,164.41000366210938,161.33999633789062,162.00999450683594
2025-02-14,15:15:00,162.0,162.19000244140625,158.5800018310547,158.5800018310547
2025-02-17,09:15:00,161.02000427246094,162.38999938964844,153.8699951171875,156.52999877929688
2025-02-17,10:15:00,156.5,162.7899932861328,156.49000549316406,158.19000244140625
2025-02-17,11:15:00,158.0,159.2899932861328,157.5,158.50999450683594
2025-02-17,12:15:00,158.5,160.35000610351562,158.32000732421875,160.00999450683594
2025-02-17,13:15:00,160.25999450683594,163.0,159.7899932861328,160.19000244140625
2025-02-17,14:15:00,159.9600067138672,162.10000610351562,159.7899932861328,161.1999969482422
2025-02-17,15:15:00,161.2100067138672,162.0,158.10000610351562,160.52999877929688
2025-02-18,09:15:00,161.36000061035156,161.52999877929688,154.00999450683594,154.4199981689453
2025-02-18,10:15:00,154.42999267578125,159.5,154.30999755859375,157.41000366210938
2025-02-18,11:15:00,157.6699981689453,158.41000366210938,154.55999755859375,154.9499969482422
2025-02-18,12:15:00,155.0500030517578,155.58999633789062,153.2899932861328,153.99000549316406
2025-02-18,13:15:00,153.97999572753906,156.86000061035156,153.97999572753906,155.0
2025-02-18,14:15:00,155.1300048828125,157.72999572753906,154.35000610351562,155.52000427246094
2025-02-18,15:15:00,154.80999755859375,156.39999389648438,153.14999389648438,153.89999389648438
2025-02-19,09:15:00,155.0,163.5,154.39999389648438,157.0
2025-02-19,10:15:00,157.38999938964844,159.0,155.67999267578125,157.5399932861328
2025-02-19,11:15:00,157.1199951171875,161.97000122070312,157.1199951171875,161.10000610351562
2025-02-19,12:15:00,161.0,162.5,160.0,160.5
2025-02-19,13:15:00,160.6199951171875,168.94000244140625,160.35000610351562,168.41000366210938
2025-02-19,14:15:00,168.41000366210938,174.3800048828125,164.2899932861328,164.97999572753906
2025-02-19,15:15:00,164.69000244140625,166.2899932861328,163.4600067138672,164.5399932861328
2025-02-20,09:15:00,164.61000061035156,169.0,163.0,169.0
2025-02-20,10:15:00,168.9600067138672,170.5,164.97999572753906,164.97999572753906
2025-02-20,11:15:00,164.89999389648438,166.9499969482422,164.89999389648438,166.35000610351562
2025-02-20,12:15:00,166.02999877929688,166.6699981689453,164.9600067138672,166.02999877929688
2025-02-20,13:15:00,166.7899932861328,166.7899932861328,165.75,165.77999877929688
2025-02-20,14:15:00,165.80999755859375,166.1199951171875,163.7899932861328,164.75999450683594
2025-02-20,15:15:00,164.49000549316406,165.5,163.52000427246094,165.5
2025-02-21,09:15:00,165.5399932861328,169.91000366210938,162.64999389648438,163.3699951171875
2025-02-21,10:15:00,163.05999755859375,164.97999572753906,162.4499969482422,162.80999755859375
2025-02-21,11:15:00,162.6999969482422,164.0,162.0,162.1999969482422
2025-02-21,12:15:00,162.86000061035156,163.4199981689453,162.0,162.8300018310547
2025-02-21,13:15:00,162.8000030517578,162.8300018310547,160.35000610351562,161.00999450683594
2025-02-21,14:15:00,160.99000549316406,163.6199951171875,159.55999755859375,160.47000122070312
2025-02-21,15:15:00,160.49000549316406,162.99000549316406,158.9499969482422,160.3800048828125
2025-02-24,09:15:00,162.64999389648438,162.64999389648438,155.5,158.64999389648438
2025-02-24,10:15:00,158.4600067138672,159.4600067138672,157.97999572753906,158.5
2025-02-24,11:15:00,158.8000030517578,159.49000549316406,158.19000244140625,158.44000244140625
2025-02-24,12:15:00,157.9199981689453,159.41000366210938,157.9199981689453,158.5500030517578
2025-02-24,13:15:00,158.69000244140625,158.69000244140625,155.9499969482422,156.69000244140625
2025-02-24,14:15:00,157.0,159.4600067138672,156.38999938964844,158.89999389648438
2025-02-24,15:15:00,158.88999938964844,158.88999938964844,156.5800018310547,158.0
2025-02-25,09:15:00,159.63999938964844,163.0399932861328,159.24000549316406,162.2899932861328
2025-02-25,10:15:00,162.22000122070312,162.32000732421875,159.66000366210938,160.1999969482422
2025-02-25,11:15:00,160.0500030517578,161.02000427246094,159.69000244140625,160.14999389648438
2025-02-25,12:15:00,160.0,160.88999938964844,159.85000610351562,160.77999877929688
2025-02-25,13:15:00,160.77000427246094,161.10000610351562,159.4199981689453,159.89999389648438
2025-02-25,14:15:00,159.91000366210938,159.9499969482422,158.6300048828125,159.0
2025-02-25,15:15:00,158.97999572753906,159.1199951171875,156.99000549316406,158.39999389648438
2025-02-27,09:15:00,159.92999267578125,161.3699951171875,157.22999572753906,160.8000030517578
2025-02-27,10:15:00,160.50999450683594,160.7100067138672,158.24000549316406,158.6300048828125
2025-02-27,11:15:00,158.55999755859375,158.72000122070312,156.3699951171875,158.05999755859375
2025-02-27,12:15:00,158.52999877929688,159.6699981689453,156.6999969482422,156.9199981689453
2025-02-27,13:15:00,156.9499969482422,157.63999938964844,155.72000122070312,156.35000610351562
2025-02-27,14:15:00,156.44000244140625,158.0,154.8800048828125,155.61000061035156
2025-02-27,15:15:00,156.1999969482422,156.8800048828125,154.36000061035156,155.74000549316406
2025-02-28,09:15:00,156.88999938964844,156.88999938964844,152.9199981689453,156.1999969482422
2025-02-28,10:15:00,156.19000244140625,160.0,155.75,156.97000122070312
2025-02-28,11:15:00,156.97000122070312,157.5800018310547,154.39999389648438,155.1300048828125
2025-02-28,12:15:00,154.4199981689453,155.0,152.22999572753906,152.8800048828125
2025-02-28,13:15:00,152.89999389648438,155.41000366210938,152.72999572753906,155.2100067138672
2025-02-28,14:15:00,154.86000061035156,155.27999877929688,152.97999572753906,154.3699951171875
2025-02-28,15:15:00,153.5500030517578,157.08999633789062,153.22000122070312,154.4600067138672
2025-03-03,09:15:00,156.86000061035156,157.77000427246094,149.11000061035156,149.92999267578125
2025-03-03,10:15:00,149.92999267578125,151.35000610351562,149.50999450683594,149.9600067138672
2025-03-03,11:15:00,149.97999572753906,150.1199951171875,147.5,148.44000244140625
2025-03-03,12:15:00,148.39999389648438,153.22000122070312,147.80999755859375,153.22000122070312
2025-03-03,13:15:00,153.00999450683594,155.0,153.0,153.9600067138672
2025-03-03,14:15:00,153.5800018310547,155.52000427246094,150.6999969482422,151.6199951171875
2025-03-03,15:15:00,151.6199951171875,154.17999267578125,150.10000610351562,152.39999389648438
2025-03-04,09:15:00,150.7100067138672,158.0,147.10000610351562,156.89999389648438
2025-03-04,10:15:00,157.1999969482422,158.25999450683594,156.2100067138672,157.35000610351562
2025-03-04,11:15:00,157.50999450683594,157.50999450683594,155.0,155.1199951171875
2025-03-04,12:15:00,155.0,155.0,150.32000732421875,151.39999389648438
2025-03-04,13:15:00,151.3800048828125,154.00999450683594,151.10000610351562,154.00999450683594
2025-03-04,14:15:00,153.83999633789062,155.77999877929688,153.0,154.8800048828125
2025-03-04,15:15:00,154.22000122070312,156.3699951171875,153.00999450683594,153.00999450683594
2025-03-05,09:15:00,154.35000610351562,160.5,154.24000549316406,159.32000732421875
2025-03-05,10:15:00,159.39999389648438,161.0399932861328,159.0,161.00999450683594
2025-03-05,11:15:00,161.00999450683594,162.6699981689453,160.72999572753906,161.0
2025-03-05,12:15:00,161.27000427246094,162.3300018310547,160.64999389648438,161.47000122070312
2025-03-05,13:15:00,160.92999267578125,161.57000732421875,160.6199951171875,161.49000549316406
2025-03-05,14:15:00,161.16000366210938,162.39999389648438,160.16000366210938,162.0
2025-03-05,15:15:00,162.30999755859375,163.39999389648438,161.8300018310547,161.8300018310547
2025-03-06,09:15:00,166.88999938964844,169.89999389648438,165.0500030517578,167.02999877929688
2025-03-06,10:15:00,167.25,170.0800018310547,166.5500030517578,169.25
2025-03-06,11:15:00,169.5399932861328,174.2899932861328,169.2100067138672,172.91000366210938
2025-03-06,12:15:00,172.91000366210938,173.89999389648438,170.41000366210938,171.10000610351562
2025-03-06,13:15:00,170.67999267578125,171.58999633789062,167.5500030517578,169.0
2025-03-06,14:15:00,168.05999755859375,173.02000427246094,167.77999877929688,169.02000427246094
2025-03-06,15:15:00,169.25,171.44000244140625,167.7100067138672,169.1199951171875
2025-03-07,09:15:00,168.99000549316406,174.17999267578125,168.1999969482422,171.66000366210938
2025-03-07,10:15:00,171.74000549316406,171.74000549316406,168.35000610351562,168.99000549316406
2025-03-07,11:15:00,169.0,169.5800018310547,167.7100067138672,168.0
2025-03-07,12:15:00,168.0,168.0,167.0,167.72000122070312
2025-03-07,13:15:00,167.7899932861328,168.19000244140625,167.07000732421875,167.22000122070312
2025-03-07,14:15:00,167.1999969482422,167.67999267578125,165.99000549316406,167.17999267578125
2025-03-07,15:15:00,167.39999389648438,167.99000549316406,166.00999450683594,167.16000366210938
2025-03-10,09:15:00,168.9600067138672,169.0,166.5399932861328,167.22999572753906
2025-03-10,10:15:00,167.08999633789062,168.47999572753906,166.5,168.1999969482422
2025-03-10,11:15:00,168.14999389648438,168.1999969482422,166.75,167.17999267578125
2025-03-10,12:15:00,166.97000122070312,168.0,166.5,167.42999267578125
2025-03-10,13:15:00,167.42999267578125,167.47000122070312,166.0,166.00999450683594
2025-03-10,14:15:00,166.00999450683594,166.61000061035156,160.41000366210938,162.5
2025-03-10,15:15:00,161.5,162.63999938964844,161.0,161.94000244140625
2025-03-11,09:15:00,162.1999969482422,164.2100067138672,159.50999450683594,159.50999450683594
2025-03-11,10:15:00,159.6199951171875,162.69000244140625,158.41000366210938,162.38999938964844
2025-03-11,11:15:00,162.39999389648438,163.60000610351562,161.3000030517578,162.1999969482422
2025-03-11,12:15:00,162.27999877929688,163.41000366210938,160.1999969482422,160.1999969482422
2025-03-11,13:15:00,160.72999572753906,162.0,160.7100067138672,161.36000061035156
2025-03-11,14:15:00,161.5399932861328,163.1300048828125,159.6999969482422,161.27999877929688
2025-03-11,15:15:00,161.27999877929688,163.8000030517578,161.0,161.36000061035156
2025-03-12,09:15:00,163.6999969482422,164.5,161.0800018310547,161.2899932861328
2025-03-12,10:15:00,161.27000427246094,161.41000366210938,160.22999572753906,161.10000610351562
2025-03-12,11:15:00,161.27000427246094,161.27999877929688,158.5,159.27999877929688
2025-03-12,12:15:00,159.24000549316406,160.22999572753906,158.36000061035156,160.2100067138672
2025-03-12,13:15:00,160.11000061035156,160.38999938964844,159.2899932861328,159.77000427246094
2025-03-12,14:15:00,159.85000610351562,160.75,155.4499969482422,156.6300048828125
2025-03-12,15:15:00,156.6300048828125,158.39999389648438,156.1199951171875,157.0
2025-03-13,09:15:00,158.0,158.9499969482422,155.50999450683594,157.89999389648438
2025-03-13,10:15:00,158.77999877929688,159.3000030517578,157.0,157.89999389648438
2025-03-13,11:15:00,157.8000030517578,158.0800018310547,156.8000030517578,157.4499969482422
2025-03-13,12:15:00,157.4499969482422,161.0,157.02000427246094,160.3699951171875
2025-03-13,13:15:00,160.42999267578125,160.5,160.0,160.47000122070312
2025-03-13,14:15:00,160.3800048828125,160.44000244140625,157.58999633789062,158.0
2025-03-13,15:15:00,158.1699981689453,159.0,157.22000122070312,158.25999450683594
2025-03-17,09:15:00,162.9499969482422,163.7100067138672,156.58999633789062,157.39999389648438
2025-03-17,10:15:00,157.44000244140625,158.5,156.82000732421875,157.44000244140625
2025-03-17,11:15:00,157.89999389648438,157.89999389648438,156.8000030517578,156.99000549316406
2025-03-17,12:15:00,156.8000030517578,157.0,155.57000732421875,156.0500030517578
2025-03-17,13:15:00,156.0,158.5500030517578,154.75999450683594,157.5500030517578
2025-03-17,14:15:00,157.5399932861328,158.4600067138672,157.0800018310547,157.25
2025-03-17,15:15:00,157.25,158.0,157.0,157.3699951171875
2025-03-18,09:15:00,159.64999389648438,163.22000122070312,158.77000427246094,163.02999877929688
2025-03-18,10:15:00,163.08999633789062,163.5,161.89999389648438,162.35000610351562
2025-03-18,11:15:00,162.4499969482422,163.5,162.00999450683594,162.5500030517578
2025-03-18,12:15:00,162.8300018310547,162.94000244140625,161.75,162.69000244140625
2025-03-18,13:15:00,162.72000122070312,163.8000030517578,161.91000366210938,163.8000030517578
2025-03-18,14:15:00,163.4199981689453,165.97999572753906,162.6999969482422,164.3800048828125
2025-03-18,15:15:00,164.35000610351562,165.0,163.19000244140625,164.27999877929688
2025-03-19,09:15:00,164.27999877929688,168.13999938964844,164.27999877929688,167.94000244140625
2025-03-19,10:15:00,167.99000549316406,168.0,165.89999389648438,166.11000061035156
2025-03-19,11:15:00,166.67999267578125,166.67999267578125,165.02000427246094,165.69000244140625
2025-03-19,12:15:00,165.6999969482422,167.5800018310547,165.61000061035156,167.39999389648438
2025-03-19,13:15:00,167.39999389648438,168.0,166.91000366210938,167.85000610351562
2025-03-19,14:15:00,168.0,168.75,167.50999450683594,167.97999572753906
2025-03-19,15:15:00,168.0,168.75,167.57000732421875,168.10000610351562
2025-03-20,09:15:00,168.97000122070312,172.1300048828125,168.05999755859375,171.60000610351562
2025-03-20,10:15:00,171.0500030517578,173.5,171.00999450683594,173.36000061035156
2025-03-20,11:15:00,173.36000061035156,173.9600067138672,172.10000610351562,172.6300048828125
2025-03-20,12:15:00,172.8000030517578,172.9499969482422,172.25,172.5
2025-03-20,13:15:00,172.88999938964844,172.99000549316406,172.0500030517578,172.10000610351562
2025-03-20,14:15:00,172.30999755859375,175.0,171.69000244140625,173.75
2025-03-20,15:15:00,173.86000061035156,174.75,173.7100067138672,174.75
2025-03-21,09:15:00,173.92999267578125,179.0,173.82000732421875,177.27999877929688
2025-03-21,10:15:00,176.94000244140625,177.85000610351562,176.1999969482422,176.1999969482422
2025-03-21,11:15:00,176.1300048828125,177.2899932861328,176.10000610351562,177.2899932861328
2025-03-21,12:15:00,177.38999938964844,178.8300018310547,176.91000366210938,177.58999633789062
2025-03-21,13:15:00,177.8800048828125,177.97000122070312,176.10000610351562,177.97000122070312
2025-03-21,14:15:00,177.9600067138672,178.6699981689453,177.25999450683594,177.72000122070312
2025-03-21,15:15:00,177.47000122070312,177.49000549316406,176.85000610351562,177.41000366210938
2025-03-24,09:15:00,177.10000610351562,179.2899932861328,175.6300048828125,176.75
2025-03-24,10:15:00,176.75999450683594,178.8300018310547,176.5,178.44000244140625
2025-03-24,11:15:00,178.16000366210938,180.38999938964844,178.14999389648438,180.0
2025-03-24,12:15:00,180.27000427246094,180.3300018310547,178.7899932861328,179.0
2025-03-24,13:15:00,178.9499969482422,179.0800018310547,177.3000030517578,177.52000427246094
2025-03-24,14:15:00,177.41000366210938,177.82000732421875,176.0399932861328,176.30999755859375
2025-03-24,15:15:00,176.30999755859375,177.14999389648438,176.0,176.66000366210938
2025-03-25,09:15:00,179.89999389648438,179.89999389648438,173.60000610351562,173.60000610351562
2025-03-25,10:15:00,173.6999969482422,174.9600067138672,173.6999969482422,174.08999633789062
2025-03-25,11:15:00,173.89999389648438,174.75999450683594,173.5,173.60000610351562
2025-03-25,12:15:00,173.60000610351562,173.99000549316406,173.5,173.66000366210938
2025-03-25,13:15:00,173.66000366210938,174.92999267578125,173.5,174.92999267578125
2025-03-25,14:15:00,174.9499969482422,175.1699981689453,173.0,173.1300048828125
2025-03-25,15:15:00,173.00999450683594,175.0800018310547,172.5500030517578,173.60000610351562
2025-03-26,09:15:00,173.67999267578125,175.7899932861328,173.5,174.11000061035156
2025-03-26,10:15:00,174.38999938964844,174.38999938964844,172.0,172.27999877929688
2025-03-26,11:15:00,172.38999938964844,172.39999389648438,171.0,171.33999633789062
2025-03-26,12:15:00,171.22000122070312,172.0,170.6999969482422,171.58999633789062
2025-03-26,13:15:00,171.3699951171875,171.3699951171875,170.1699981689453,170.47000122070312
2025-03-26,14:15:00,170.52000427246094,170.6999969482422,170.0500030517578,170.0500030517578
2025-03-26,15:15:00,170.0500030517578,170.6199951171875,166.27999877929688,169.0
2025-03-27,09:15:00,168.35000610351562,171.0,167.02000427246094,168.35000610351562
2025-03-27,10:15:00,168.67999267578125,171.49000549316406,168.02999877929688,169.82000732421875
2025-03-27,11:15:00,169.9199981689453,170.6699981689453,169.1300048828125,170.10000610351562
2025-03-27,12:15:00,170.5500030517578,170.75,168.52000427246094,168.63999938964844
2025-03-27,13:15:00,168.74000549316406,171.89999389648438,168.5,169.60000610351562
2025-03-27,14:15:00,169.5800018310547,170.5500030517578,169.05999755859375,169.47000122070312
2025-03-27,15:15:00,169.52000427246094,169.80999755859375,167.5,168.97999572753906
2025-03-28,09:15:00,169.92999267578125,172.69000244140625,167.11000061035156,168.94000244140625
2025-03-28,10:15:00,168.82000732421875,168.82000732421875,165.72999572753906,167.19000244140625
2025-03-28,11:15:00,166.16000366210938,166.58999633789062,165.0,165.47999572753906
2025-03-28,12:15:00,165.47999572753906,165.5,163.6699981689453,164.05999755859375
2025-03-28,13:15:00,164.25999450683594,164.30999755859375,161.97999572753906,162.80999755859375
2025-03-28,14:15:00,162.89999389648438,165.88999938964844,162.39999389648438,165.22000122070312
2025-03-28,15:15:00,165.17999267578125,165.3800048828125,164.35000610351562,164.8699951171875
2025-04-01,09:15:00,165.8000030517578,169.8699951171875,165.8000030517578,168.8800048828125
2025-04-01,10:15:00,169.08999633789062,169.5,167.39999389648438,167.39999389648438
2025-04-01,11:15:00,167.61000061035156,168.0500030517578,166.3300018310547,168.0500030517578
2025-04-01,12:15:00,168.19000244140625,170.25,168.19000244140625,169.77000427246094
2025-04-01,13:15:00,169.77999877929688,169.99000549316406,168.83999633789062,169.61000061035156
2025-04-01,14:15:00,169.57000732421875,169.66000366210938,169.0,169.16000366210938
2025-04-01,15:15:00,169.16000366210938,169.9499969482422,169.16000366210938,169.5399932861328
2025-04-02,09:15:00,169.5500030517578,170.02999877929688,166.2100067138672,167.3300018310547
2025-04-02,10:15:00,167.24000549316406,169.8000030517578,167.08999633789062,169.5
2025-04-02,11:15:00,169.22999572753906,171.39999389648438,168.6199951171875,171.10000610351562
2025-04-02,12:15:00,171.10000610351562,171.89999389648438,169.52999877929688,169.52999877929688
2025-04-02,13:15:00,169.52999877929688,172.66000366210938,169.52999877929688,171.89999389648438
2025-04-02,14:15:00,172.0800018310547,173.16000366210938,171.5,173.0500030517578
2025-04-02,15:15:00,173.24000549316406,174.66000366210938,172.82000732421875,174.0
2025-04-03,09:15:00,172.75,174.0,171.77999877929688,172.9499969482422
2025-04-03,10:15:00,173.27999877929688,175.22999572753906,172.94000244140625,174.5500030517578
2025-04-03,11:15:00,174.47999572753906,176.5,174.1699981689453,176.47000122070312
2025-04-03,12:15:00,176.32000732421875,176.47000122070312,174.05999755859375,174.05999755859375
2025-04-03,13:15:00,174.05999755859375,176.9499969482422,174.05999755859375,176.17999267578125
2025-04-03,14:15:00,176.32000732421875,176.88999938964844,175.9499969482422,176.69000244140625
2025-04-03,15:15:00,176.69000244140625,177.5,176.47999572753906,177.0399932861328
2025-04-04,09:15:00,176.99000549316406,177.0399932861328,172.5,173.05999755859375
2025-04-04,10:15:00,172.86000061035156,175.32000732421875,172.1300048828125,175.00999450683594
2025-04-04,11:15:00,174.72000122070312,175.19000244140625,172.6300048828125,172.9199981689453
2025-04-04,12:15:00,172.92999267578125,173.77999877929688,172.05999755859375,172.16000366210938
2025-04-04,13:15:00,172.10000610351562,172.9499969482422,172.0,172.30999755859375
2025-04-04,14:15:00,172.32000732421875,173.14999389648438,170.8800048828125,172.67999267578125
2025-04-04,15:15:00,172.67999267578125,175.0,171.58999633789062,174.74000549316406
2025-04-07,09:15:00,165.0,165.0,155.0,159.57000732421875
2025-04-07,10:15:00,159.60000610351562,162.69000244140625,158.4499969482422,162.4600067138672
2025-04-07,11:15:00,162.42999267578125,162.5,159.9199981689453,160.0500030517578
2025-04-07,12:15:00,160.0800018310547,161.10000610351562,159.3300018310547,159.66000366210938
2025-04-07,13:15:00,159.75,161.49000549316406,159.0,161.24000549316406
2025-04-07,14:15:00,160.99000549316406,164.02000427246094,160.82000732421875,163.0800018310547
2025-04-07,15:15:00,163.27999877929688,165.5800018310547,163.0800018310547,163.4600067138672
2025-04-08,09:15:00,166.0,170.22000122070312,163.50999450683594,164.17999267578125
2025-04-08,10:15:00,164.17999267578125,165.5,163.7899932861328,165.24000549316406
2025-04-08,11:15:00,165.25999450683594,167.3800048828125,165.25999450683594,167.24000549316406
2025-04-08,12:15:00,167.2100067138672,167.8300018310547,166.24000549316406,166.75999450683594
2025-04-08,13:15:00,166.82000732421875,168.1699981689453,166.82000732421875,168.0500030517578
2025-04-08,14:15:00,168.11000061035156,169.85000610351562,167.8000030517578,168.8300018310547
2025-04-08,15:15:00,168.61000061035156,170.5,168.11000061035156,169.00999450683594
2025-04-09,09:15:00,168.61000061035156,171.2899932861328,165.5399932861328,166.0
2025-04-09,10:15:00,166.0,167.16000366210938,165.60000610351562,165.60000610351562
2025-04-09,11:15:00,165.88999938964844,168.74000549316406,165.5,168.7100067138672
2025-04-09,12:15:00,168.7100067138672,168.88999938964844,167.33999633789062,167.33999633789062
2025-04-09,13:15:00,167.57000732421875,167.57000732421875,167.0,167.42999267578125
2025-04-09,14:15:00,167.42999267578125,169.16000366210938,167.1999969482422,169.0
2025-04-09,15:15:00,168.44000244140625,170.99000549316406,168.44000244140625,170.97000122070312
2025-04-11,09:15:00,171.3800048828125,176.69000244140625,171.27000427246094,174.6300048828125
2025-04-11,10:15:00,175.05999755859375,176.99000549316406,174.61000061035156,175.22000122070312
2025-04-11,11:15:00,175.0800018310547,177.49000549316406,173.52000427246094,175.0399932861328
2025-04-11,12:15:00,174.92999267578125,175.69000244140625,173.55999755859375,174.44000244140625
2025-04-11,13:15:00,174.36000061035156,174.9199981689453,174.05999755859375,174.44000244140625
2025-04-11,14:15:00,174.44000244140625,176.75,174.1300048828125,176.30999755859375
2025-04-11,15:15:00,176.25,176.27000427246094,174.2100067138672,176.0399932861328
2025-04-15,09:15:00,180.89999389648438,181.92999267578125,180.0,181.0500030517578
2025-04-15,10:15:00,181.02999877929688,181.4499969482422,179.5,180.77999877929688
2025-04-15,11:15:00,180.82000732421875,182.38999938964844,180.6999969482422,181.50999450683594
2025-04-15,12:15:00,181.6300048828125,187.0,181.55999755859375,185.25
2025-04-15,13:15:00,185.02999877929688,185.4499969482422,181.47999572753906,182.1699981689453
2025-04-15,14:15:00,181.89999389648438,183.0,178.47000122070312,180.77999877929688
2025-04-15,15:15:00,180.57000732421875,183.69000244140625,180.1699981689453,180.22999572753906
2025-04-16,09:15:00,184.0,186.50999450683594,183.0,184.00999450683594
2025-04-16,10:15:00,184.27000427246094,189.1199951171875,183.05999755859375,189.1199951171875
2025-04-16,11:15:00,189.10000610351562,190.35000610351562,188.1300048828125,188.77999877929688
2025-04-16,12:15:00,188.75999450683594,189.17999267578125,187.41000366210938,188.57000732421875
2025-04-16,13:15:00,188.57000732421875,189.0,187.0399932861328,188.6199951171875
2025-04-16,14:15:00,188.4199981689453,189.25,187.49000549316406,189.25
2025-04-16,15:15:00,188.7100067138672,191.0,188.7100067138672,191.0
2025-04-17,09:15:00,190.5,190.55999755859375,187.22000122070312,187.58999633789062
2025-04-17,10:15:00,187.91000366210938,189.9600067138672,187.91000366210938,189.4199981689453
2025-04-17,11:15:00,189.4199981689453,191.0,189.1999969482422,190.97999572753906
2025-04-17,12:15:00,191.10000610351562,193.3000030517578,190.97999572753906,192.8699951171875
2025-04-17,13:15:00,193.0,193.5,190.66000366210938,191.50999450683594
2025-04-17,14:15:00,191.1999969482422,192.9499969482422,191.0800018310547,192.0
2025-04-17,15:15:00,191.97000122070312,192.75,191.05999755859375,192.27999877929688
2025-04-21,09:15:00,192.75,197.89999389648438,190.25,196.6999969482422
2025-04-21,10:15:00,196.6199951171875,199.82000732421875,196.0,197.11000061035156
2025-04-21,11:15:00,197.11000061035156,197.44000244140625,194.5,194.74000549316406
2025-04-21,12:15:00,194.74000549316406,196.86000061035156,194.5399932861328,195.60000610351562
2025-04-21,13:15:00,195.3000030517578,195.77000427246094,193.6300048828125,194.27000427246094
2025-04-21,14:15:00,194.25,195.22999572753906,194.25,194.44000244140625
2025-04-21,15:15:00,194.83999633789062,195.22999572753906,193.0,195.0
2025-04-22,09:15:00,196.44000244140625,196.44000244140625,191.5,192.05999755859375
2025-04-22,10:15:00,192.17999267578125,193.5399932861328,191.55999755859375,192.41000366210938
2025-04-22,11:15:00,192.11000061035156,192.74000549316406,191.75,192.1999969482422
2025-04-22,12:15:00,192.5,193.33999633789062,192.24000549316406,193.0
2025-04-22,13:15:00,193.13999938964844,193.36000061035156,192.60000610351562,193.0
2025-04-22,14:15:00,192.75,193.0,192.5,192.7100067138672
2025-04-22,15:15:00,193.02999877929688,193.5,192.6999969482422,193.0
2025-04-23,09:15:00,198.0,198.00999450683594,189.0,189.32000732421875
2025-04-23,10:15:00,189.3300018310547,190.89999389648438,185.35000610351562,187.89999389648438
2025-04-23,11:15:00,188.30999755859375,191.30999755859375,188.1999969482422,190.8699951171875
2025-04-23,12:15:00,190.86000061035156,192.89999389648438,190.49000549316406,192.00999450683594
2025-04-23,13:15:00,192.00999450683594,193.35000610351562,191.94000244140625,192.6300048828125
2025-04-23,14:15:00,192.97000122070312,194.0500030517578,192.19000244140625,193.30999755859375
2025-04-23,15:15:00,193.1699981689453,194.9600067138672,192.0500030517578,194.08999633789062
2025-04-24,09:15:00,195.0,199.17999267578125,193.80999755859375,196.91000366210938
2025-04-24,10:15:00,197.00999450683594,197.5,194.72000122070312,194.9499969482422
2025-04-24,11:15:00,194.9499969482422,195.63999938964844,194.7100067138672,195.0800018310547
2025-04-24,12:15:00,195.1199951171875,195.2100067138672,194.50999450683594,194.52000427246094
2025-04-24,13:15:00,194.5,195.2899932861328,194.4499969482422,194.6999969482422
2025-04-24,14:15:00,195.0,195.0500030517578,194.00999450683594,194.38999938964844
2025-04-24,15:15:00,194.00999450683594,194.47999572753906,193.75,193.8000030517578
2025-04-25,09:15:00,194.38999938964844,194.88999938964844,185.4600067138672,187.63999938964844
2025-04-25,10:15:00,187.63999938964844,187.92999267578125,185.10000610351562,185.8800048828125
2025-04-25,11:15:00,185.83999633789062,187.07000732421875,185.10000610351562,186.74000549316406
2025-04-25,12:15:00,186.50999450683594,187.4499969482422,186.16000366210938,186.4199981689453
2025-04-25,13:15:00,186.41000366210938,187.38999938964844,185.44000244140625,186.1300048828125
2025-04-25,14:15:00,186.3300018310547,186.64999389648438,184.89999389648438,185.22000122070312
2025-04-25,15:15:00,185.22000122070312,186.25,184.50999450683594,184.75
2025-04-28,09:15:00,190.50999450683594,193.99000549316406,182.39999389648438,184.3800048828125
2025-04-28,10:15:00,183.9499969482422,185.0,182.39999389648438,184.11000061035156
2025-04-28,11:15:00,183.8000030517578,184.85000610351562,183.25,183.25
2025-04-28,12:15:00,182.82000732421875,183.5800018310547,182.10000610351562,183.5800018310547
2025-04-28,13:15:00,183.4499969482422,183.4499969482422,180.0500030517578,182.2899932861328
2025-04-28,14:15:00,182.00999450683594,182.60000610351562,181.5,182.0
2025-04-28,15:15:00,182.0800018310547,183.58999633789062,181.25999450683594,183.3000030517578
2025-04-29,09:15:00,183.25999450683594,185.08999633789062,180.38999938964844,181.77999877929688
2025-04-29,10:15:00,181.74000549316406,183.0,180.8300018310547,182.52999877929688
2025-04-29,11:15:00,182.47999572753906,182.99000549316406,182.0,182.5399932861328
2025-04-29,12:15:00,182.38999938964844,182.77999877929688,181.97000122070312,182.39999389648438
2025-04-29,13:15:00,182.4199981689453,183.42999267578125,182.02999877929688,182.19000244140625
2025-04-29,14:15:00,182.39999389648438,183.25,182.30999755859375,183.22000122070312
2025-04-29,15:15:00,182.32000732421875,184.52000427246094,182.0,182.97000122070312
2025-04-30,09:15:00,182.99000549316406,183.44000244140625,176.75,178.22000122070312
2025-04-30,10:15:00,177.7899932861328,178.3000030517578,177.25,177.6699981689453
2025-04-30,11:15:00,177.63999938964844,179.1300048828125,177.25,178.52999877929688
2025-04-30,12:15:00,178.6300048828125,179.27999877929688,178.0800018310547,179.14999389648438
2025-04-30,13:15:00,179.0,179.2899932861328,178.11000061035156,178.5
2025-04-30,14:15:00,178.24000549316406,178.80999755859375,175.72999572753906,176.35000610351562
2025-04-30,15:15:00,176.3300018310547,176.33999633789062,173.89999389648438,174.47999572753906
2025-05-02,09:15:00,173.60000610351562,177.92999267578125,172.64999389648438,177.17999267578125
2025-05-02,10:15:00,177.3000030517578,178.00999450683594,176.38999938964844,176.38999938964844
2025-05-02,11:15:00,176.57000732421875,176.9199981689453,174.0,174.58999633789062
2025-05-02,12:15:00,174.0500030517578,174.5,173.0,174.19000244140625
2025-05-02,13:15:00,174.19000244140625,175.58999633789062,174.19000244140625,175.25
2025-05-02,14:15:00,175.69000244140625,176.8800048828125,174.27999877929688,176.8800048828125
2025-05-02,15:15:00,176.89999389648438,178.0,173.10000610351562,176.4499969482422
2025-05-05,09:15:00,178.0,178.0,173.0,177.08999633789062
2025-05-05,10:15:00,177.19000244140625,178.86000061035156,177.0399932861328,178.32000732421875
2025-05-05,11:15:00,178.32000732421875,178.5,177.88999938964844,178.0
2025-05-05,12:15:00,177.97999572753906,178.3699951171875,176.6199951171875,176.8800048828125
2025-05-05,13:15:00,176.5,176.5,174.6699981689453,175.5500030517578
2025-05-05,14:15:00,175.5800018310547,175.5800018310547,174.0,174.16000366210938
2025-05-05,15:15:00,174.19000244140625,175.0,173.5,174.25999450683594
2025-05-06,09:15:00,176.83999633789062,176.97000122070312,173.0,173.80999755859375
2025-05-06,10:15:00,173.80999755859375,173.83999633789062,172.97999572753906,173.35000610351562
2025-05-06,11:15:00,173.47000122070312,173.47000122070312,172.0,172.64999389648438
2025-05-06,12:15:00,172.64999389648438,172.97000122070312,171.5500030517578,172.2899932861328
2025-05-06,13:15:00,172.1199951171875,172.38999938964844,171.0500030517578,171.38999938964844
2025-05-06,14:15:00,171.2899932861328,171.2899932861328,169.0500030517578,169.86000061035156
2025-05-06,15:15:00,169.64999389648438,169.80999755859375,167.24000549316406,169.3300018310547
2025-05-07,09:15:00,169.2899932861328,172.0500030517578,166.13999938964844,167.52000427246094
2025-05-07,10:15:00,167.0,169.77999877929688,166.39999389648438,168.8300018310547
2025-05-07,11:15:00,169.02000427246094,170.9499969482422,169.02000427246094,170.4600067138672
2025-05-07,12:15:00,170.6199951171875,170.74000549316406,168.5500030517578,169.3300018310547
2025-05-07,13:15:00,169.5399932861328,170.0,168.75,169.63999938964844
2025-05-07,14:15:00,169.63999938964844,172.19000244140625,169.42999267578125,171.42999267578125
2025-05-07,15:15:00,170.75,178.0,170.75,172.72999572753906
2025-05-08,09:15:00,174.0800018310547,175.5,172.41000366210938,174.41000366210938
2025-05-08,10:15:00,174.41000366210938,174.6999969482422,173.5399932861328,173.77999877929688
2025-05-08,11:15:00,174.0,174.49000549316406,171.2100067138672,173.77000427246094
2025-05-08,12:15:00,173.6999969482422,175.0,173.30999755859375,173.4600067138672
2025-05-08,13:15:00,173.4600067138672,174.64999389648438,171.1199951171875,171.47999572753906
2025-05-08,14:15:00,171.22000122070312,172.2899932861328,170.0,170.00999450683594
2025-05-08,15:15:00,170.00999450683594,171.0,167.5,169.4600067138672
2025-05-09,09:15:00,164.0,168.08999633789062,164.0,166.3000030517578
2025-05-09,10:15:00,166.52000427246094,167.10000610351562,165.4600067138672,166.52000427246094
2025-05-09,11:15:00,166.35000610351562,167.99000549316406,166.35000610351562,167.6999969482422
2025-05-09,12:15:00,167.61000061035156,168.08999633789062,166.5500030517578,166.9199981689453
2025-05-09,13:15:00,167.27999877929688,168.0800018310547,166.6999969482422,167.92999267578125
2025-05-09,14:15:00,167.72000122070312,169.5800018310547,167.55999755859375,169.38999938964844
2025-05-09,15:15:00,169.3800048828125,172.0,168.00999450683594,169.63999938964844
2025-05-12,09:15:00,173.10000610351562,182.5,173.10000610351562,177.3300018310547
2025-05-12,10:15:00,177.3800048828125,178.25,177.0,178.25
2025-05-12,11:15:00,178.0800018310547,178.74000549316406,178.0,178.52999877929688
2025-05-12,12:15:00,178.5399932861328,178.88999938964844,178.08999633789062,178.5800018310547
2025-05-12,13:15:00,178.5800018310547,179.1699981689453,177.5,178.13999938964844
2025-05-12,14:15:00,178.13999938964844,178.75999450683594,175.35000610351562,176.6199951171875
2025-05-12,15:15:00,176.6300048828125,178.4499969482422,176.5,177.5
2025-05-13,09:15:00,179.25,183.44000244140625,177.41000366210938,183.0
2025-05-13,10:15:00,183.25,184.0,182.36000061035156,183.83999633789062
2025-05-13,11:15:00,183.83999633789062,185.80999755859375,183.61000061035156,185.80999755859375
2025-05-13,12:15:00,185.8000030517578,185.88999938964844,182.27000427246094,183.19000244140625
2025-05-13,13:15:00,183.19000244140625,183.22999572753906,182.5,182.7100067138672
2025-05-13,14:15:00,182.6300048828125,184.38999938964844,182.6300048828125,183.9600067138672
2025-05-13,15:15:00,183.9600067138672,184.61000061035156,183.6999969482422,183.92999267578125
2025-05-14,09:15:00,183.6999969482422,184.8800048828125,182.0,184.0
2025-05-14,10:15:00,184.3800048828125,185.0800018310547,183.5,185.0800018310547
2025-05-14,11:15:00,185.41000366210938,185.77000427246094,182.5800018310547,183.69000244140625
2025-05-14,12:15:00,183.88999938964844,185.94000244140625,183.75,185.7899932861328
2025-05-14,13:15:00,185.7899932861328,187.60000610351562,182.47000122070312,183.25
2025-05-14,14:15:00,183.5500030517578,186.77999877929688,183.3300018310547,185.0
2025-05-14,15:15:00,184.72999572753906,187.0,184.72999572753906,185.47000122070312
2025-05-15,09:15:00,187.0,188.6999969482422,184.0,185.25
2025-05-15,10:15:00,185.35000610351562,186.22999572753906,185.0,185.27999877929688
2025-05-15,11:15:00,185.22000122070312,185.5399932861328,184.0,185.11000061035156
2025-05-15,12:15:00,185.3000030517578,185.3000030517578,184.41000366210938,184.57000732421875
2025-05-15,13:15:00,184.57000732421875,185.39999389648438,184.3000030517578,185.0
2025-05-15,14:15:00,184.89999389648438,185.4600067138672,183.61000061035156,184.47000122070312
2025-05-15,15:15:00,184.47999572753906,185.1300048828125,184.02000427246094,184.3699951171875
2025-05-16,09:15:00,186.9499969482422,188.64999389648438,186.47999572753906,186.7100067138672
2025-05-16,10:15:00,186.77999877929688,187.25999450683594,186.5,186.66000366210938
2025-05-16,11:15:00,186.5500030517578,187.07000732421875,186.5,186.5
2025-05-16,12:15:00,186.5,186.9600067138672,186.5,186.9199981689453
2025-05-16,13:15:00,186.8699951171875,187.94000244140625,186.7100067138672,186.9199981689453
2025-05-16,14:15:00,186.92999267578125,187.6300048828125,186.52000427246094,187.11000061035156
2025-05-16,15:15:00,186.86000061035156,188.0,186.50999450683594,187.32000732421875
2025-05-19,09:15:00,189.75999450683594,193.49000549316406,189.11000061035156,192.02000427246094
2025-05-19,10:15:00,192.08999633789062,193.47000122070312,191.02999877929688,191.3000030517578
2025-05-19,11:15:00,191.30999755859375,191.8800048828125,189.11000061035156,189.11000061035156
2025-05-19,12:15:00,189.36000061035156,191.3699951171875,188.41000366210938,190.58999633789062
2025-05-19,13:15:00,190.57000732421875,191.14999389648438,190.10000610351562,190.72000122070312
2025-05-19,14:15:00,190.8300018310547,192.4499969482422,190.50999450683594,192.1300048828125
2025-05-19,15:15:00,192.4199981689453,192.4199981689453,191.88999938964844,191.92999267578125
2025-05-20,09:15:00,193.27999877929688,194.0,188.97999572753906,191.0
2025-05-20,10:15:00,191.0,192.8300018310547,191.0,192.60000610351562
2025-05-20,11:15:00,192.85000610351562,192.85000610351562,191.1999969482422,191.55999755859375
2025-05-20,12:15:00,191.91000366210938,191.97999572753906,191.0,191.02999877929688
2025-05-20,13:15:00,191.0,191.52000427246094,191.0,191.05999755859375
2025-05-20,14:15:00,191.0,191.1199951171875,188.0,189.9600067138672
2025-05-20,15:15:00,189.9499969482422,191.0,189.0,189.8000030517578
2025-05-21,09:15:00,189.74000549316406,189.74000549316406,185.5,187.1699981689453
2025-05-21,10:15:00,187.22000122070312,189.2899932861328,186.80999755859375,188.8699951171875
2025-05-21,11:15:00,189.52000427246094,191.9499969482422,187.13999938964844,187.88999938964844
2025-05-21,12:15:00,187.61000061035156,187.88999938964844,186.33999633789062,187.38999938964844
2025-05-21,13:15:00,187.38999938964844,188.0,186.14999389648438,187.42999267578125
2025-05-21,14:15:00,187.6300048828125,189.39999389648438,186.63999938964844,189.0399932861328
2025-05-21,15:15:00,189.0500030517578,189.27000427246094,187.6300048828125,189.0
2025-05-22,09:15:00,188.3300018310547,189.88999938964844,183.1999969482422,183.74000549316406
2025-05-22,10:15:00,183.74000549316406,183.88999938964844,177.10000610351562,178.32000732421875
2025-05-22,11:15:00,178.32000732421875,178.94000244140625,177.5,178.63999938964844
2025-05-22,12:15:00,178.60000610351562,178.67999267578125,177.5500030517578,177.97000122070312
2025-05-22,13:15:00,177.97000122070312,179.0,177.5500030517578,178.1300048828125
2025-05-22,14:15:00,178.07000732421875,178.7100067138672,176.5,177.8000030517578
2025-05-22,15:15:00,177.77000427246094,178.8000030517578,177.0,177.64999389648438
2025-05-23,09:15:00,176.77000427246094,177.60000610351562,172.2100067138672,172.52999877929688
2025-05-23,10:15:00,172.64999389648438,173.2899932861328,171.2100067138672,173.22000122070312
2025-05-23,11:15:00,173.1999969482422,173.25,172.1999969482422,172.88999938964844
2025-05-23,12:15:00,172.88999938964844,176.10000610351562,172.88999938964844,175.86000061035156
2025-05-23,13:15:00,175.7100067138672,176.5500030517578,175.5500030517578,176.13999938964844
2025-05-23,14:15:00,176.17999267578125,176.52000427246094,175.02000427246094,175.6199951171875
2025-05-23,15:15:00,175.72000122070312,176.74000549316406,175.02000427246094,175.55999755859375
2025-05-26,09:15:00,175.89999389648438,182.5,175.00999450683594,181.82000732421875
2025-05-26,10:15:00,181.89999389648438,182.3699951171875,181.75,182.08999633789062
2025-05-26,11:15:00,182.10000610351562,182.10000610351562,181.1199951171875,181.89999389648438
2025-05-26,12:15:00,181.67999267578125,181.99000549316406,180.86000061035156,181.60000610351562
2025-05-26,13:15:00,181.66000366210938,182.25,180.97999572753906,182.1300048828125
2025-05-26,14:15:00,182.16000366210938,182.38999938964844,180.60000610351562,181.49000549316406
2025-05-26,15:15:00,181.4199981689453,181.85000610351562,180.11000061035156,181.27999877929688
2025-05-27,09:15:00,182.0,182.27999877929688,177.67999267578125,179.05999755859375
2025-05-27,10:15:00,179.0500030517578,180.52999877929688,178.66000366210938,180.0
2025-05-27,11:15:00,179.85000610351562,180.69000244140625,179.35000610351562,179.60000610351562
2025-05-27,12:15:00,179.77999877929688,180.0500030517578,179.1999969482422,179.63999938964844
2025-05-27,13:15:00,179.3000030517578,179.5500030517578,178.9499969482422,179.07000732421875
2025-05-27,14:15:00,179.05999755859375,180.0800018310547,178.89999389648438,179.44000244140625
2025-05-27,15:15:00,179.27000427246094,179.8800048828125,177.57000732421875,178.33999633789062
2025-05-28,09:15:00,178.52999877929688,179.22000122070312,176.3300018310547,177.94000244140625
2025-05-28,10:15:00,177.6699981689453,179.5500030517578,177.5,179.39999389648438
2025-05-28,11:15:00,179.38999938964844,180.0,179.0,179.1999969482422
2025-05-28,12:15:00,179.1999969482422,180.47000122070312,178.74000549316406,179.60000610351562
2025-05-28,13:15:00,179.8300018310547,179.8300018310547,178.8800048828125,179.17999267578125
2025-05-28,14:15:00,179.35000610351562,180.1199951171875,178.7100067138672,179.88999938964844
2025-05-28,15:15:00,179.8000030517578,180.0,178.30999755859375,179.99000549316406
2025-05-29,09:15:00,180.55999755859375,180.67999267578125,176.69000244140625,177.00999450683594
2025-05-29,10:15:00,177.00999450683594,177.49000549316406,176.6999969482422,177.3000030517578
2025-05-29,11:15:00,177.36000061035156,177.39999389648438,176.1999969482422,176.60000610351562
2025-05-29,12:15:00,176.80999755859375,177.0399932861328,176.5,176.85000610351562
2025-05-29,13:15:00,176.85000610351562,176.9199981689453,176.10000610351562,176.10000610351562
2025-05-29,14:15:00,176.14999389648438,176.4199981689453,175.25,176.22999572753906
2025-05-29,15:15:00,176.25,176.89999389648438,175.07000732421875,175.72999572753906
2025-05-30,09:15:00,176.2100067138672,177.99000549316406,175.0,175.3699951171875
2025-05-30,10:15:00,175.32000732421875,175.88999938964844,175.0,175.5800018310547
2025-05-30,11:15:00,175.57000732421875,177.1999969482422,175.1199951171875,176.1300048828125
2025-05-30,12:15:00,176.39999389648438,176.8000030517578,176.3300018310547,176.8000030517578
2025-05-30,13:15:00,176.69000244140625,178.13999938964844,176.69000244140625,177.25999450683594
2025-05-30,14:15:00,177.22000122070312,177.8800048828125,177.0,177.4499969482422
2025-05-30,15:15:00,177.4600067138672,178.39999389648438,177.0500030517578,178.1199951171875
2025-06-02,09:15:00,179.8000030517578,181.75,176.69000244140625,180.22000122070312
2025-06-02,10:15:00,180.57000732421875,182.5,180.0500030517578,180.58999633789062
2025-06-02,11:15:00,180.88999938964844,181.75,180.49000549316406,181.69000244140625
2025-06-02,12:15:00,181.58999633789062,181.75,181.17999267578125,181.64999389648438
2025-06-02,13:15:00,181.64999389648438,183.14999389648438,181.52000427246094,182.5
2025-06-02,14:15:00,182.5,183.75,182.5,183.60000610351562
2025-06-02,15:15:00,183.60000610351562,183.64999389648438,182.5,183.4499969482422
2025-06-03,09:15:00,184.64999389648438,185.25,180.4499969482422,180.77999877929688
2025-06-03,10:15:00,180.77000427246094,183.5,180.60000610351562,181.39999389648438
2025-06-03,11:15:00,181.24000549316406,181.24000549316406,179.3000030517578,179.47000122070312
2025-06-03,12:15:00,179.25,179.3699951171875,178.22999572753906,178.97999572753906
2025-06-03,13:15:00,178.35000610351562,180.0800018310547,178.35000610351562,179.7100067138672
2025-06-03,14:15:00,179.75999450683594,179.8800048828125,179.1199951171875,179.49000549316406
2025-06-03,15:15:00,179.35000610351562,179.8000030517578,179.22000122070312,179.22000122070312
2025-06-04,09:15:00,179.49000549316406,180.7899932861328,176.2100067138672,177.8000030517578
2025-06-04,10:15:00,178.22000122070312,178.99000549316406,178.00999450683594,178.22999572753906
2025-06-04,11:15:00,178.30999755859375,180.8699951171875,178.30999755859375,179.9600067138672
2025-06-04,12:15:00,179.9600067138672,180.0,179.77000427246094,179.89999389648438
2025-06-04,13:15:00,179.89999389648438,180.39999389648438,178.2100067138672,180.27000427246094
2025-06-04,14:15:00,180.05999755859375,180.36000061035156,178.6300048828125,179.4600067138672
2025-06-04,15:15:00,179.3699951171875,179.99000549316406,178.60000610351562,179.3300018310547
2025-06-05,09:15:00,175.50999450683594,176.99000549316406,171.8000030517578,172.1999969482422
2025-06-05,10:15:00,172.1699981689453,173.4499969482422,172.0,173.25
2025-06-05,11:15:00,173.27999877929688,174.0,172.64999389648438,172.89999389648438
2025-06-05,12:15:00,172.91000366210938,173.52000427246094,172.6300048828125,173.30999755859375
2025-06-05,13:15:00,173.13999938964844,173.85000610351562,173.1300048828125,173.2899932861328
2025-06-05,14:15:00,173.2899932861328,173.61000061035156,173.1199951171875,173.25
2025-06-05,15:15:00,173.1300048828125,173.3000030517578,173.0,173.2899932861328
2025-06-06,09:15:00,174.0399932861328,174.9199981689453,171.00999450683594,173.97999572753906
2025-06-06,10:15:00,173.99000549316406,174.89999389648438,173.6199951171875,173.97000122070312
2025-06-06,11:15:00,174.0,174.88999938964844,174.0,174.3300018310547
2025-06-06,12:15:00,174.25,175.72000122070312,174.25,175.11000061035156
2025-06-06,13:15:00,175.1300048828125,175.1300048828125,174.11000061035156,174.4499969482422
2025-06-06,14:15:00,174.39999389648438,174.47000122070312,173.22000122070312,173.8000030517578
2025-06-06,15:15:00,174.0,174.57000732421875,173.7100067138672,173.9199981689453
2025-06-09,09:15:00,175.00999450683594,181.7100067138672,174.38999938964844,181.27999877929688
2025-06-09,10:15:00,181.27999877929688,181.49000549316406,178.86000061035156,179.9199981689453
2025-06-09,11:15:00,179.99000549316406,179.99000549316406,177.77000427246094,178.30999755859375
2025-06-09,12:15:00,178.47000122070312,178.47000122070312,177.22000122070312,177.22000122070312
2025-06-09,13:15:00,177.41000366210938,177.63999938964844,176.57000732421875,176.74000549316406
2025-06-09,14:15:00,176.74000549316406,177.0,175.6999969482422,175.75999450683594
2025-06-09,15:15:00,176.07000732421875,179.07000732421875,176.02999877929688,176.67999267578125
2025-06-10,09:15:00,179.60000610351562,179.60000610351562,175.7100067138672,176.8800048828125
2025-06-10,10:15:00,176.97000122070312,177.25,176.47000122070312,176.8300018310547
2025-06-10,11:15:00,176.8300018310547,176.8300018310547,175.22000122070312,175.8699951171875
2025-06-10,12:15:00,176.0,176.5,175.86000061035156,176.3000030517578
2025-06-10,13:15:00,176.24000549316406,176.50999450683594,176.05999755859375,176.22000122070312
2025-06-10,14:15:00,176.1699981689453,176.8000030517578,175.8000030517578,176.49000549316406
2025-06-10,15:15:00,176.32000732421875,176.7100067138672,176.0,176.39999389648438
2025-06-11,09:15:00,175.74000549316406,177.47999572753906,175.32000732421875,176.83999633789062
2025-06-11,10:15:00,176.8000030517578,177.89999389648438,176.8000030517578,177.25999450683594
2025-06-11,11:15:00,176.1199951171875,181.85000610351562,175.0,181.85000610351562
2025-06-11,12:15:00,181.83999633789062,184.55999755859375,180.75,181.22000122070312
2025-06-11,13:15:00,180.83999633789062,180.9499969482422,177.5500030517578,178.63999938964844
2025-06-11,14:15:00,178.49000549316406,180.2100067138672,178.3699951171875,179.47999572753906
2025-06-11,15:15:00,179.27000427246094,179.77000427246094,178.6999969482422,179.4600067138672
2025-06-12,09:15:00,179.63999938964844,180.0,177.69000244140625,178.3000030517578
2025-06-12,10:15:00,178.1699981689453,179.67999267578125,178.1699981689453,178.3000030517578
2025-06-12,11:15:00,178.3800048828125,178.6199951171875,176.52999877929688,177.00999450683594
2025-06-12,12:15:00,177.00999450683594,179.4600067138672,177.0,178.24000549316406
2025-06-12,13:15:00,178.24000549316406,178.25,174.0,174.3000030517578
2025-06-12,14:15:00,174.4499969482422,176.00999450683594,174.0,174.27999877929688
2025-06-12,15:15:00,174.32000732421875,174.97999572753906,173.86000061035156,174.42999267578125
2025-06-13,09:15:00,169.33999633789062,176.69000244140625,169.33999633789062,175.58999633789062
2025-06-13,10:15:00,175.61000061035156,175.63999938964844,173.27999877929688,173.5
2025-06-13,11:15:00,173.52000427246094,177.25,173.1199951171875,175.47999572753906
2025-06-13,12:15:00,175.5399932861328,176.0,172.5,173.07000732421875
2025-06-13,13:15:00,173.27999877929688,173.3300018310547,171.8800048828125,172.3000030517578
2025-06-13,14:15:00,172.35000610351562,173.47999572753906,171.0,172.9499969482422
2025-06-13,15:15:00,172.67999267578125,172.85000610351562,172.00999450683594,172.58999633789062
2025-06-16,09:15:00,173.97000122070312,174.8800048828125,169.0,172.35000610351562
2025-06-16,10:15:00,172.58999633789062,173.3000030517578,172.0,173.0
2025-06-16,11:15:00,173.00999450683594,173.2899932861328,171.1699981689453,173.00999450683594
2025-06-16,12:15:00,173.25,173.4499969482422,172.50999450683594,172.50999450683594
2025-06-16,13:15:00,172.72000122070312,173.75,172.5,173.75
2025-06-16,14:15:00,173.75,173.9600067138672,173.02000427246094,173.8699951171875
2025-06-16,15:15:00,173.8699951171875,173.8699951171875,172.5,173.39999389648438
2025-06-17,09:15:00,172.35000610351562,174.3699951171875,171.5500030517578,173.35000610351562
2025-06-17,10:15:00,173.35000610351562,173.57000732421875,172.89999389648438,173.1999969482422
2025-06-17,11:15:00,173.1999969482422,173.1999969482422,171.4499969482422,172.0800018310547
2025-06-17,12:15:00,172.0,173.0399932861328,171.5,172.13999938964844
2025-06-17,13:15:00,172.14999389648438,173.0800018310547,171.72999572753906,172.35000610351562
2025-06-17,14:15:00,172.47999572753906,173.02999877929688,172.10000610351562,172.47999572753906
2025-06-17,15:15:00,172.50999450683594,172.97999572753906,169.8300018310547,171.47000122070312
2025-06-18,09:15:00,182.27000427246094,183.2899932861328,175.1300048828125,178.89999389648438
2025-06-18,10:15:00,178.89999389648438,179.0,175.8000030517578,176.72999572753906
2025-06-18,11:15:00,176.8000030517578,176.8000030517578,174.11000061035156,175.4600067138672
2025-06-18,12:15:00,175.47000122070312,175.69000244140625,173.0,173.75
2025-06-18,13:15:00,173.55999755859375,173.8000030517578,169.77000427246094,169.9499969482422
2025-06-18,14:15:00,169.9499969482422,172.52000427246094,166.58999633789062,171.00999450683594
2025-06-18,15:15:00,171.00999450683594,171.58999633789062,169.99000549316406,171.25
2025-06-19,09:15:00,172.7899932861328,174.0,171.3300018310547,171.74000549316406
2025-06-19,10:15:00,171.74000549316406,171.74000549316406,168.3000030517578,169.99000549316406
2025-06-19,11:15:00,169.8699951171875,170.0,168.39999389648438,169.24000549316406
2025-06-19,12:15:00,169.25999450683594,169.25999450683594,167.0,167.88999938964844
2025-06-19,13:15:00,167.88999938964844,169.0,167.02999877929688,168.5800018310547
2025-06-19,14:15:00,168.6699981689453,169.39999389648438,167.97999572753906,167.97999572753906
2025-06-19,15:15:00,167.75,167.99000549316406,167.0,167.4600067138672
2025-06-20,09:15:00,169.02999877929688,170.30999755859375,165.60000610351562,168.83999633789062
2025-06-20,10:15:00,168.6199951171875,169.42999267578125,167.8000030517578,168.39999389648438
2025-06-20,11:15:00,168.5399932861328,170.10000610351562,168.5399932861328,168.86000061035156
2025-06-20,12:15:00,168.83999633789062,168.83999633789062,167.22000122070312,168.60000610351562
2025-06-20,13:15:00,168.60000610351562,168.77000427246094,168.00999450683594,168.38999938964844
2025-06-20,14:15:00,168.49000549316406,168.99000549316406,167.66000366210938,168.97999572753906
2025-06-20,15:15:00,168.74000549316406,168.75,168.0,168.3800048828125
2025-06-23,09:15:00,168.00999450683594,170.8699951171875,167.8000030517578,170.3800048828125
2025-06-23,10:15:00,170.3800048828125,172.25,170.27999877929688,171.8000030517578
2025-06-23,11:15:00,171.9600067138672,176.19000244140625,171.8000030517578,172.60000610351562
2025-06-23,12:15:00,172.52000427246094,173.67999267578125,172.10000610351562,172.1999969482422
2025-06-23,13:15:00,172.19000244140625,173.89999389648438,172.19000244140625,173.39999389648438
2025-06-23,14:15:00,173.38999938964844,174.25999450683594,172.47999572753906,173.8800048828125
2025-06-23,15:15:00,173.8800048828125,173.9199981689453,172.0,173.44000244140625
2025-06-24,09:15:00,175.94000244140625,180.44000244140625,175.05999755859375,177.3000030517578
2025-06-24,10:15:00,177.3000030517578,182.10000610351562,177.22000122070312,180.1300048828125
2025-06-24,11:15:00,180.24000549316406,183.0,180.1300048828125,182.72999572753906
2025-06-24,12:15:00,182.7100067138672,185.0,182.5800018310547,183.6300048828125
2025-06-24,13:15:00,183.77000427246094,183.8800048828125,181.4499969482422,182.24000549316406
2025-06-24,14:15:00,182.17999267578125,183.0,181.74000549316406,182.39999389648438
2025-06-24,15:15:00,182.32000732421875,182.99000549316406,181.50999450683594,182.5500030517578
2025-06-25,09:15:00,181.7899932861328,186.75,181.0,184.8800048828125
2025-06-25,10:15:00,184.77000427246094,185.8800048828125,182.16000366210938,182.74000549316406
2025-06-25,11:15:00,182.75,184.8800048828125,182.52999877929688,183.5
2025-06-25,12:15:00,183.6300048828125,184.89999389648438,183.52000427246094,184.5
2025-06-25,13:15:00,184.6999969482422,185.41000366210938,184.27999877929688,184.42999267578125
2025-06-25,14:15:00,184.0,185.1999969482422,183.72999572753906,184.0
2025-06-25,15:15:00,184.0,184.58999633789062,183.0,183.9600067138672
2025-06-26,09:15:00,176.0,176.6300048828125,172.1999969482422,174.10000610351562
2025-06-26,10:15:00,174.10000610351562,174.58999633789062,173.10000610351562,173.35000610351562
2025-06-26,11:15:00,173.41000366210938,173.8800048828125,173.00999450683594,173.5
2025-06-26,12:15:00,173.6300048828125,175.60000610351562,173.3300018310547,175.0
2025-06-26,13:15:00,175.0,175.1999969482422,174.0800018310547,175.07000732421875
2025-06-26,14:15:00,175.0,175.94000244140625,174.57000732421875,175.60000610351562
2025-06-26,15:15:00,175.3300018310547,175.5,175.0,175.3000030517578
2025-06-27,09:15:00,175.5,175.5,174.49000549316406,175.0
2025-06-27,10:15:00,174.8000030517578,174.9600067138672,173.5399932861328,173.7899932861328
2025-06-27,11:15:00,173.77999877929688,174.19000244140625,172.85000610351562,174.13999938964844
2025-06-27,12:15:00,174.1199951171875,174.88999938964844,173.85000610351562,174.75
2025-06-27,13:15:00,174.75,174.8300018310547,173.0399932861328,174.2899932861328
2025-06-27,14:15:00,174.2100067138672,174.39999389648438,173.44000244140625,173.47999572753906
2025-06-27,15:15:00,173.4600067138672,175.0,173.0500030517578,173.91000366210938
2025-06-30,09:15:00,174.77000427246094,175.4600067138672,171.75,172.52000427246094
2025-06-30,10:15:00,172.5,173.75,172.14999389648438,173.27000427246094
2025-06-30,11:15:00,173.30999755859375,175.10000610351562,172.64999389648438,173.4600067138672
2025-06-30,12:15:00,173.5,173.86000061035156,173.05999755859375,173.33999633789062
2025-06-30,13:15:00,173.22000122070312,173.38999938964844,172.5,172.83999633789062
2025-06-30,14:15:00,172.75,172.75,172.5,172.75
2025-06-30,15:15:00,172.74000549316406,172.75,172.1999969482422,172.64999389648438
2025-07-01,09:15:00,173.61000061035156,174.8000030517578,171.97999572753906,172.02000427246094
2025-07-01,10:15:00,172.11000061035156,173.0399932861328,171.8000030517578,172.22000122070312
2025-07-01,11:15:00,172.4199981689453,173.1999969482422,172.17999267578125,173.0
2025-07-01,12:15:00,172.92999267578125,173.17999267578125,172.61000061035156,173.07000732421875
2025-07-01,13:15:00,173.07000732421875,173.10000610351562,172.25,172.38999938964844
2025-07-01,14:15:00,172.38999938964844,173.47999572753906,172.35000610351562,173.10000610351562
2025-07-01,15:15:00,173.07000732421875,173.25,172.80999755859375,173.0
2025-07-02,09:15:00,173.94000244140625,174.89999389648438,171.0,171.69000244140625
2025-07-02,10:15:00,171.5,171.97000122070312,170.6999969482422,171.89999389648438
2025-07-02,11:15:00,171.75999450683594,172.6999969482422,171.75,172.60000610351562
2025-07-02,12:15:00,172.60000610351562,172.6999969482422,172.25,172.25
2025-07-02,13:15:00,172.25,172.39999389648438,171.83999633789062,172.25999450683594
2025-07-02,14:15:00,172.24000549316406,173.75,172.10000610351562,172.69000244140625
2025-07-02,15:15:00,172.8800048828125,172.9499969482422,172.25,172.80999755859375
2025-07-03,09:15:00,173.9499969482422,175.36000061035156,172.60000610351562,173.8000030517578
2025-07-03,10:15:00,173.97000122070312,174.5,173.22000122070312,173.86000061035156
2025-07-03,11:15:00,173.86000061035156,173.9499969482422,172.8000030517578,172.97000122070312
2025-07-03,12:15:00,172.8699951171875,175.94000244140625,172.8699951171875,175.4199981689453
2025-07-03,13:15:00,175.25999450683594,178.6999969482422,175.0500030517578,176.0
2025-07-03,14:15:00,176.22999572753906,176.25,174.5,175.10000610351562
2025-07-03,15:15:00,174.85000610351562,175.89999389648438,174.3800048828125,174.60000610351562
2025-07-04,09:15:00,174.9499969482422,175.89999389648438,174.6699981689453,175.25
2025-07-04,10:15:00,175.3300018310547,175.97999572753906,174.5,175.4499969482422
2025-07-04,11:15:00,175.47999572753906,175.60000610351562,174.77000427246094,174.97000122070312
2025-07-04,12:15:00,174.88999938964844,174.88999938964844,174.00999450683594,174.77999877929688
2025-07-04,13:15:00,174.5500030517578,176.83999633789062,174.36000061035156,176.7100067138672
2025-07-04,14:15:00,176.66000366210938,180.0,176.5,178.75999450683594
2025-07-04,15:15:00,178.72999572753906,178.97999572753906,178.0,178.0
2025-07-07,09:15:00,181.94000244140625,186.1199951171875,180.7899932861328,185.07000732421875
2025-07-07,10:15:00,185.08999633789062,185.8300018310547,182.3800048828125,184.6699981689453
2025-07-07,11:15:00,184.47000122070312,184.8800048828125,184.00999450683594,184.10000610351562
2025-07-07,12:15:00,184.10000610351562,185.9499969482422,184.0,184.32000732421875
2025-07-07,13:15:00,184.22999572753906,185.0,183.38999938964844,184.0
2025-07-07,14:15:00,183.91000366210938,185.0,183.85000610351562,184.75
2025-07-07,15:15:00,184.74000549316406,185.0500030517578,184.6999969482422,184.9199981689453
2025-07-08,09:15:00,184.99000549316406,187.0,183.72999572753906,185.74000549316406
2025-07-08,10:15:00,185.72999572753906,185.85000610351562,183.0,185.63999938964844
2025-07-08,11:15:00,185.3800048828125,187.0,185.1699981689453,186.19000244140625
2025-07-08,12:15:00,186.02999877929688,186.1999969482422,185.35000610351562,186.17999267578125
2025-07-08,13:15:00,186.3000030517578,186.63999938964844,186.00999450683594,186.16000366210938
2025-07-08,14:15:00,186.3000030517578,188.10000610351562,186.02000427246094,187.5
2025-07-08,15:15:00,187.60000610351562,188.25999450683594,187.5,188.0
2025-07-09,09:15:00,188.25,190.0800018310547,186.5,186.9499969482422
2025-07-09,10:15:00,186.9499969482422,187.25,186.0500030517578,186.2899932861328
2025-07-09,11:15:00,186.27000427246094,186.3000030517578,184.4199981689453,185.16000366210938
2025-07-09,12:15:00,185.17999267578125,185.6999969482422,183.1699981689453,183.44000244140625
2025-07-09,13:15:00,183.42999267578125,183.42999267578125,182.30999755859375,182.44000244140625
2025-07-09,14:15:00,182.49000549316406,183.38999938964844,181.77999877929688,182.39999389648438
2025-07-09,15:15:00,182.5399932861328,182.9499969482422,182.0,182.4199981689453
2025-07-10,09:15:00,184.0,185.60000610351562,182.47000122070312,182.5
2025-07-10,10:15:00,182.5,182.9199981689453,182.0,182.1199951171875
2025-07-10,11:15:00,182.2100067138672,182.6199951171875,182.0,182.30999755859375
2025-07-10,12:15:00,182.22000122070312,183.6699981689453,182.22000122070312,183.0
2025-07-10,13:15:00,182.8000030517578,182.85000610351562,182.1300048828125,182.44000244140625
2025-07-10,14:15:00,182.75999450683594,182.75999450683594,181.38999938964844,182.1300048828125
2025-07-10,15:15:00,182.11000061035156,182.30999755859375,181.0,181.00999450683594
2025-07-11,09:15:00,181.6199951171875,184.4499969482422,181.0,181.5
2025-07-11,10:15:00,181.5,181.99000549316406,179.5,180.66000366210938
2025-07-11,11:15:00,180.66000366210938,181.4199981689453,179.6699981689453,180.13999938964844
2025-07-11,12:15:00,180.3000030517578,181.1199951171875,180.05999755859375,180.24000549316406
2025-07-11,13:15:00,180.0,180.60000610351562,179.75,180.3000030517578
2025-07-11,14:15:00,180.49000549316406,180.5399932861328,178.88999938964844,179.74000549316406
2025-07-11,15:15:00,179.5,180.39999389648438,179.0,180.39999389648438
2025-07-14,09:15:00,180.0,180.72000122070312,177.7100067138672,179.33999633789062
2025-07-14,10:15:00,179.35000610351562,181.22999572753906,179.35000610351562,180.77999877929688
2025-07-14,11:15:00,181.0,181.0,178.5,179.0
2025-07-14,12:15:00,179.1999969482422,179.4600067138672,178.24000549316406,178.6699981689453
2025-07-14,13:15:00,178.85000610351562,179.49000549316406,178.55999755859375,178.67999267578125
2025-07-14,14:15:00,178.75999450683594,180.08999633789062,178.6999969482422,179.3800048828125
2025-07-14,15:15:00,179.39999389648438,180.25999450683594,178.9499969482422,180.10000610351562
2025-07-15,09:15:00,179.4199981689453,182.1999969482422,179.4199981689453,181.8000030517578
2025-07-15,10:15:00,181.8000030517578,184.88999938964844,181.64999389648438,183.75999450683594
2025-07-15,11:15:00,183.7899932861328,183.7899932861328,182.94000244140625,183.47000122070312
2025-07-15,12:15:00,183.47999572753906,183.47999572753906,180.83999633789062,181.25999450683594
2025-07-15,13:15:00,181.25999450683594,181.8000030517578,180.8800048828125,181.39999389648438
2025-07-15,14:15:00,181.5,181.72999572753906,180.2100067138672,180.8800048828125
2025-07-15,15:15:00,180.8800048828125,180.8800048828125,180.3300018310547,180.8000030517578
2025-07-16,09:15:00,180.74000549316406,181.72999572753906,179.0,179.1699981689453
2025-07-16,10:15:00,179.22999572753906,180.41000366210938,179.22999572753906,179.75999450683594
2025-07-16,11:15:00,179.7100067138672,180.3300018310547,179.5500030517578,180.02000427246094
2025-07-16,12:15:00,180.0,181.44000244140625,179.91000366210938,180.75999450683594
2025-07-16,13:15:00,180.8699951171875,181.47999572753906,180.47999572753906,180.69000244140625
2025-07-16,14:15:00,180.85000610351562,181.1999969482422,180.50999450683594,180.64999389648438
2025-07-16,15:15:00,180.5399932861328,181.0,180.47999572753906,180.80999755859375
2025-07-17,09:15:00,181.99000549316406,182.10000610351562,179.92999267578125,180.97999572753906
2025-07-17,10:15:00,180.97999572753906,182.57000732421875,180.5,181.52999877929688
2025-07-17,11:15:00,181.5399932861328,181.5500030517578,180.0,180.0
2025-07-17,12:15:00,179.8800048828125,180.22000122070312,179.50999450683594,179.50999450683594
2025-07-17,13:15:00,179.57000732421875,180.27999877929688,179.39999389648438,179.89999389648438
2025-07-17,14:15:00,179.89999389648438,180.5,179.8000030517578,179.97000122070312
2025-07-17,15:15:00,180.00999450683594,180.00999450683594,178.72999572753906,178.94000244140625
2025-07-18,09:15:00,180.99000549316406,180.99000549316406,178.83999633789062,179.0800018310547
2025-07-18,10:15:00,178.85000610351562,178.85000610351562,176.6699981689453,177.38999938964844
2025-07-18,11:15:00,177.38999938964844,177.9199981689453,177.0500030517578,177.41000366210938
2025-07-18,12:15:00,177.41000366210938,177.8800048828125,176.77000427246094,177.57000732421875
2025-07-18,13:15:00,177.5,178.47000122070312,177.38999938964844,178.0
2025-07-18,14:15:00,178.2100067138672,178.38999938964844,177.3800048828125,177.42999267578125
2025-07-18,15:15:00,177.39999389648438,177.89999389648438,177.1699981689453,177.55999755859375
2025-07-21,09:15:00,179.5,179.5,176.10000610351562,177.7899932861328
2025-07-21,10:15:00,177.86000061035156,177.97000122070312,177.0,177.69000244140625
2025-07-21,11:15:00,177.7100067138672,177.72999572753906,176.6999969482422,177.22000122070312
2025-07-21,12:15:00,177.1699981689453,177.22999572753906,176.5,176.97999572753906
2025-07-21,13:15:00,176.58999633789062,176.8800048828125,176.0,176.0
2025-07-21,14:15:00,175.83999633789062,177.25,175.60000610351562,176.6999969482422
2025-07-21,15:15:00,176.58999633789062,177.5,176.27000427246094,176.82000732421875
2025-07-22,09:15:00,176.39999389648438,177.88999938964844,175.36000061035156,175.64999389648438
2025-07-22,10:15:00,175.64999389648438,176.0800018310547,174.10000610351562,174.27999877929688
2025-07-22,11:15:00,174.52999877929688,175.3800048828125,173.41000366210938,175.1999969482422
2025-07-22,12:15:00,175.17999267578125,175.64999389648438,175.1699981689453,175.47999572753906
2025-07-22,13:15:00,175.47999572753906,175.74000549316406,175.0500030517578,175.1199951171875
2025-07-22,14:15:00,175.10000610351562,175.25,173.5,173.75999450683594
2025-07-22,15:15:00,173.75,174.6999969482422,173.5500030517578,174.0
2025-07-23,09:15:00,175.19000244140625,175.19000244140625,171.5,171.82000732421875
2025-07-23,10:15:00,171.82000732421875,171.85000610351562,171.0,171.66000366210938
2025-07-23,11:15:00,171.66000366210938,171.91000366210938,171.3699951171875,171.67999267578125
2025-07-23,12:15:00,171.77999877929688,172.5399932861328,171.50999450683594,172.10000610351562
2025-07-23,13:15:00,172.00999450683594,172.42999267578125,171.8000030517578,172.0
2025-07-23,14:15:00,172.38999938964844,173.4499969482422,172.0,172.14999389648438
2025-07-23,15:15:00,172.3300018310547,173.25,172.17999267578125,172.88999938964844
2025-07-24,09:15:00,173.97999572753906,174.24000549316406,171.0,171.27999877929688
2025-07-24,10:15:00,171.27000427246094,171.83999633789062,170.6199951171875,171.11000061035156
2025-07-24,11:15:00,171.10000610351562,171.50999450683594,169.50999450683594,169.82000732421875
2025-07-24,12:15:00,170.0,174.00999450683594,169.8300018310547,171.75999450683594
2025-07-24,13:15:00,171.88999938964844,172.6699981689453,171.85000610351562,172.52999877929688
2025-07-24,14:15:00,172.55999755859375,172.6999969482422,171.9199981689453,172.32000732421875
2025-07-24,15:15:00,172.2899932861328,174.67999267578125,172.25,174.11000061035156
2025-07-25,09:15:00,174.5,174.5,169.72999572753906,171.14999389648438
2025-07-25,10:15:00,170.88999938964844,171.0,170.02000427246094,170.25
2025-07-25,11:15:00,170.25,170.25,169.10000610351562,169.5
2025-07-25,12:15:00,169.35000610351562,169.99000549316406,168.60000610351562,169.02000427246094
2025-07-25,13:15:00,168.9199981689453,169.63999938964844,168.58999633789062,169.36000061035156
2025-07-25,14:15:00,169.35000610351562,169.89999389648438,167.08999633789062,167.30999755859375
2025-07-25,15:15:00,167.36000061035156,169.6300048828125,167.0,169.6300048828125
