Date,Time,Open,High,Low,Close
2025-05-30,09:15:00,754.4000244140625,758.7000122070312,751.5999755859375,753.3499755859375
2025-05-30,09:30:00,752.2000122070312,752.2000122070312,746.7999877929688,747.6500244140625
2025-05-30,09:45:00,748.3499755859375,748.3499755859375,745.25,747.4500122070312
2025-05-30,10:00:00,747.0,748.7999877929688,747.0,747.7000122070312
2025-05-30,10:15:00,746.0,746.7000122070312,745.0499877929688,745.0499877929688
2025-05-30,10:30:00,745.4500122070312,745.4500122070312,740.2000122070312,740.2000122070312
2025-05-30,10:45:00,740.2000122070312,740.9500122070312,738.7000122070312,740.75
2025-05-30,11:00:00,739.25,741.9500122070312,733.0,738.6500244140625
2025-05-30,11:15:00,738.4500122070312,739.2000122070312,736.2000122070312,736.2000122070312
2025-05-30,11:30:00,736.25,737.2999877929688,736.0999755859375,737.2999877929688
2025-05-30,11:45:00,737.2999877929688,737.2999877929688,731.2000122070312,733.9500122070312
2025-05-30,12:00:00,730.5,733.0999755859375,730.5,731.0
2025-05-30,12:15:00,731.0,731.7999877929688,730.5,730.5
2025-05-30,12:30:00,730.25,731.2999877929688,730.0,731.2999877929688
2025-05-30,12:45:00,731.3499755859375,731.3499755859375,731.0,731.0
2025-05-30,13:00:00,731.2000122070312,732.2000122070312,728.5,731.4000244140625
2025-05-30,13:15:00,732.0,732.0,728.5499877929688,728.5499877929688
2025-05-30,13:30:00,729.0,730.0999755859375,726.0999755859375,728.5499877929688
2025-05-30,13:45:00,728.0,728.0,726.0,726.0499877929688
2025-05-30,14:00:00,727.7000122070312,727.9500122070312,727.7000122070312,727.9500122070312
2025-05-30,14:15:00,726.2000122070312,731.0499877929688,726.2000122070312,727.4000244140625
2025-05-30,14:30:00,729.9000244140625,735.0999755859375,728.9000244140625,734.5
2025-05-30,14:45:00,734.5,736.5,732.4500122070312,734.0
2025-05-30,15:00:00,733.0,733.6500244140625,731.0,733.6500244140625
2025-05-30,15:15:00,731.0499877929688,731.0499877929688,725.5999755859375,725.75
2025-06-02,09:15:00,729.5499877929688,729.5499877929688,712.75,720.2000122070312
2025-06-02,09:30:00,716.1500244140625,723.0499877929688,714.6500244140625,720.75
2025-06-02,09:45:00,720.0499877929688,723.2999877929688,720.0,721.0499877929688
2025-06-02,10:00:00,721.5999755859375,721.5999755859375,715.0,715.0
2025-06-02,10:15:00,715.7999877929688,716.1500244140625,713.8499755859375,715.3499755859375
2025-06-02,10:30:00,716.1500244140625,718.4500122070312,716.1500244140625,717.0999755859375
2025-06-02,10:45:00,717.8499755859375,718.5,716.2000122070312,718.5
2025-06-02,11:00:00,717.9000244140625,717.9000244140625,716.6500244140625,716.6500244140625
2025-06-02,11:15:00,716.4000244140625,716.4000244140625,715.5,715.5
2025-06-02,11:30:00,715.5,716.0,715.5,715.5999755859375
2025-06-02,11:45:00,716.0,721.4500122070312,716.0,719.7000122070312
2025-06-02,12:00:00,719.0,719.0,718.0499877929688,718.0499877929688
2025-06-02,12:15:00,717.25,717.25,717.25,717.25
2025-06-02,12:30:00,718.0,718.7000122070312,718.0,718.7000122070312
2025-06-02,12:45:00,719.0,719.0,717.0999755859375,717.0999755859375
2025-06-02,13:00:00,718.4500122070312,718.4500122070312,718.4500122070312,718.4500122070312
2025-06-02,13:15:00,718.4500122070312,719.9500122070312,718.4500122070312,719.9500122070312
2025-06-02,13:30:00,721.5999755859375,721.5999755859375,718.0,718.0
2025-06-02,13:45:00,718.9000244140625,719.4500122070312,718.0,718.0999755859375
2025-06-02,14:00:00,718.0999755859375,718.8499755859375,718.0999755859375,718.0999755859375
2025-06-02,14:15:00,718.0999755859375,718.9500122070312,718.0999755859375,718.9500122070312
2025-06-02,14:30:00,718.9500122070312,719.9500122070312,718.0999755859375,718.0999755859375
2025-06-02,14:45:00,718.0999755859375,719.0,718.0999755859375,718.0999755859375
2025-06-02,15:00:00,719.0,720.25,718.0999755859375,719.5
2025-06-02,15:15:00,718.4500122070312,719.0999755859375,718.0999755859375,719.0499877929688
2025-06-03,09:15:00,716.0499877929688,724.5499877929688,715.4000244140625,719.1500244140625
2025-06-03,09:30:00,719.5,719.5999755859375,718.7999877929688,719.5999755859375
2025-06-03,09:45:00,718.0,719.0499877929688,717.0,719.0499877929688
2025-06-03,10:00:00,719.0499877929688,719.0499877929688,719.0499877929688,719.0499877929688
2025-06-03,10:15:00,717.9000244140625,719.75,717.9000244140625,718.4500122070312
2025-06-03,10:30:00,718.5,722.8499755859375,718.5,718.7999877929688
2025-06-03,10:45:00,718.8499755859375,719.6500244140625,718.8499755859375,718.9000244140625
2025-06-03,11:00:00,719.0,719.0,718.0499877929688,718.0499877929688
2025-06-03,11:15:00,718.9500122070312,718.9500122070312,718.9000244140625,718.9000244140625
2025-06-03,11:30:00,719.75,719.75,718.5499877929688,718.9000244140625
2025-06-03,12:00:00,718.5,718.5,718.0,718.0
2025-06-03,12:15:00,717.9000244140625,720.0999755859375,717.9000244140625,719.3499755859375
2025-06-03,12:30:00,719.0,720.3499755859375,718.5,719.0
2025-06-03,12:45:00,718.75,718.75,718.5,718.5999755859375
2025-06-03,13:00:00,718.5,718.7999877929688,718.5,718.7999877929688
2025-06-03,13:30:00,719.9500122070312,719.9500122070312,719.9500122070312,719.9500122070312
2025-06-03,13:45:00,720.75,720.75,720.75,720.75
2025-06-03,14:15:00,720.0,720.75,719.75,719.75
2025-06-03,14:30:00,719.0999755859375,719.0999755859375,719.0,719.0999755859375
2025-06-03,14:45:00,718.5999755859375,719.5999755859375,718.5999755859375,718.5999755859375
2025-06-03,15:00:00,718.5999755859375,719.5,718.5,719.5
2025-06-03,15:15:00,718.5499877929688,719.8499755859375,718.5,718.5
2025-06-04,09:15:00,722.9000244140625,723.2999877929688,715.0,718.4000244140625
2025-06-04,09:30:00,719.6500244140625,719.6500244140625,716.6500244140625,716.6500244140625
2025-06-04,09:45:00,719.0999755859375,719.0999755859375,710.0,712.7999877929688
2025-06-04,10:00:00,712.7999877929688,712.7999877929688,712.0,712.7000122070312
2025-06-04,10:15:00,710.3499755859375,712.5999755859375,710.0,712.5
2025-06-04,10:30:00,712.5,712.9500122070312,710.9000244140625,712.75
2025-06-04,10:45:00,712.75,713.0,712.75,713.0
2025-06-04,11:00:00,713.5,713.5,712.0499877929688,712.9500122070312
2025-06-04,11:15:00,713.5999755859375,714.2999877929688,713.0499877929688,714.2999877929688
2025-06-04,11:30:00,716.0999755859375,716.0999755859375,716.0,716.0
2025-06-04,11:45:00,715.75,715.75,714.5,714.5
2025-06-04,12:15:00,713.4500122070312,714.0,713.4500122070312,714.0
2025-06-04,12:30:00,713.9500122070312,714.5,713.2999877929688,714.5
2025-06-04,12:45:00,714.5499877929688,714.5499877929688,714.5499877929688,714.5499877929688
2025-06-04,13:00:00,714.5499877929688,714.5499877929688,714.5499877929688,714.5499877929688
2025-06-04,13:15:00,714.5999755859375,714.5999755859375,714.5999755859375,714.5999755859375
2025-06-04,13:30:00,717.75,717.75,717.75,717.75
2025-06-04,13:45:00,715.5499877929688,716.5999755859375,715.5499877929688,716.5999755859375
2025-06-04,14:15:00,716.5499877929688,716.5499877929688,713.9500122070312,713.9500122070312
2025-06-04,14:30:00,716.4500122070312,716.4500122070312,716.1500244140625,716.1500244140625
2025-06-04,14:45:00,714.7000122070312,714.7000122070312,713.9500122070312,713.9500122070312
2025-06-04,15:00:00,713.9500122070312,715.0,713.9500122070312,714.0
2025-06-04,15:15:00,714.0,714.4500122070312,713.7999877929688,713.8499755859375
2025-06-05,09:15:00,718.2000122070312,718.2000122070312,713.4000244140625,715.4500122070312
2025-06-05,09:30:00,716.4500122070312,716.4500122070312,712.0999755859375,712.0999755859375
2025-06-05,09:45:00,713.2999877929688,714.9500122070312,710.0,710.5
2025-06-05,10:00:00,707.5,710.9000244140625,705.4500122070312,710.9000244140625
2025-06-05,10:15:00,708.5999755859375,711.6500244140625,708.5999755859375,711.5999755859375
2025-06-05,10:30:00,711.7999877929688,711.7999877929688,708.0,711.0499877929688
2025-06-05,10:45:00,711.0499877929688,711.0499877929688,711.0499877929688,711.0499877929688
2025-06-05,11:00:00,709.2999877929688,713.9000244140625,708.0,711.0499877929688
2025-06-05,11:15:00,711.0,711.0,711.0,711.0
2025-06-05,11:30:00,713.2000122070312,713.2000122070312,713.2000122070312,713.2000122070312
2025-06-05,11:45:00,713.2000122070312,713.6500244140625,712.2999877929688,713.6500244140625
2025-06-05,12:00:00,713.4500122070312,715.5499877929688,713.4500122070312,714.75
2025-06-05,12:15:00,712.2000122070312,716.0499877929688,712.2000122070312,716.0499877929688
2025-06-05,12:30:00,715.0,715.0,711.0,714.0499877929688
2025-06-05,12:45:00,711.0,711.0,711.0,711.0
2025-06-05,13:00:00,714.0,714.0,712.0,712.0
2025-06-05,13:15:00,712.0,713.6500244140625,712.0,713.6500244140625
2025-06-05,13:30:00,713.7000122070312,713.7000122070312,711.0,712.8499755859375
2025-06-05,13:45:00,713.3499755859375,717.4000244140625,713.3499755859375,717.4000244140625
2025-06-05,14:00:00,715.0999755859375,716.9000244140625,715.0999755859375,716.9000244140625
2025-06-05,14:15:00,715.0499877929688,715.0499877929688,714.7000122070312,714.7000122070312
2025-06-05,14:30:00,715.4500122070312,715.5499877929688,713.25,715.5499877929688
2025-06-05,14:45:00,715.4500122070312,715.9500122070312,713.4000244140625,715.9500122070312
2025-06-05,15:00:00,713.3499755859375,715.9500122070312,713.3499755859375,715.75
2025-06-05,15:15:00,715.75,720.0,714.0999755859375,714.2000122070312
2025-06-06,09:15:00,717.75,725.9500122070312,717.75,721.5
2025-06-06,09:30:00,721.5,722.2999877929688,719.0,722.25
2025-06-06,09:45:00,720.5,722.25,719.9500122070312,721.9500122070312
2025-06-06,10:00:00,721.7999877929688,723.0499877929688,721.0,721.3499755859375
2025-06-06,10:15:00,721.3499755859375,723.1500244140625,720.0,723.1500244140625
2025-06-06,10:45:00,723.25,723.25,720.0,722.9500122070312
2025-06-06,11:00:00,718.3499755859375,718.3499755859375,718.3499755859375,718.3499755859375
2025-06-06,11:15:00,719.25,719.25,719.25,719.25
2025-06-06,11:30:00,718.5,722.2999877929688,718.5,722.2999877929688
2025-06-06,11:45:00,722.0499877929688,724.9500122070312,719.0999755859375,719.0999755859375
2025-06-06,12:00:00,721.9500122070312,721.9500122070312,719.5,721.5999755859375
2025-06-06,12:15:00,719.5,721.6500244140625,718.0499877929688,720.1500244140625
2025-06-06,12:30:00,720.0999755859375,720.2000122070312,720.0999755859375,720.2000122070312
2025-06-06,12:45:00,720.3499755859375,723.0499877929688,720.3499755859375,723.0499877929688
2025-06-06,13:00:00,720.0,720.0,720.0,720.0
2025-06-06,13:15:00,718.5499877929688,719.7999877929688,718.5499877929688,719.7999877929688
2025-06-06,13:45:00,717.1500244140625,720.4000244140625,717.1500244140625,720.4000244140625
2025-06-06,14:00:00,721.9500122070312,723.2000122070312,721.7000122070312,721.7000122070312
2025-06-06,14:15:00,723.1500244140625,723.5999755859375,723.1500244140625,723.5999755859375
2025-06-06,14:30:00,721.1500244140625,721.1500244140625,718.2999877929688,718.2999877929688
2025-06-06,14:45:00,720.7999877929688,721.2000122070312,719.0,719.0
2025-06-06,15:00:00,720.9000244140625,725.0,720.9000244140625,721.6500244140625
2025-06-06,15:15:00,721.7999877929688,722.0,718.3499755859375,718.3499755859375
2025-06-09,09:15:00,726.3499755859375,727.0499877929688,720.0499877929688,723.1500244140625
2025-06-09,09:30:00,722.0,724.9000244140625,721.5,724.9000244140625
2025-06-09,09:45:00,725.9000244140625,729.9000244140625,723.4000244140625,728.4000244140625
2025-06-09,10:00:00,728.2999877929688,729.8499755859375,726.2000122070312,727.7999877929688
2025-06-09,10:15:00,720.0999755859375,726.1500244140625,720.0999755859375,726.0499877929688
2025-06-09,10:30:00,726.25,727.0499877929688,725.0499877929688,725.25
2025-06-09,10:45:00,726.0999755859375,726.0999755859375,726.0999755859375,726.0999755859375
2025-06-09,11:00:00,726.9000244140625,728.5499877929688,726.9000244140625,728.5499877929688
2025-06-09,11:15:00,727.6500244140625,729.0,727.6500244140625,729.0
2025-06-09,11:30:00,727.0999755859375,727.0999755859375,727.0999755859375,727.0999755859375
2025-06-09,11:45:00,727.0999755859375,727.0999755859375,726.6500244140625,726.6500244140625
2025-06-09,12:00:00,726.7000122070312,726.7999877929688,726.7000122070312,726.7999877929688
2025-06-09,12:15:00,728.5,733.6500244140625,726.75,733.6500244140625
2025-06-09,12:30:00,733.7999877929688,736.9500122070312,733.7999877929688,736.9500122070312
2025-06-09,12:45:00,737.75,740.0,734.7999877929688,735.4500122070312
2025-06-09,13:00:00,736.25,736.25,735.0,735.0
2025-06-09,13:15:00,735.0,739.7999877929688,734.4500122070312,739.7999877929688
2025-06-09,13:30:00,739.75,739.75,739.75,739.75
2025-06-09,13:45:00,740.0,741.0,736.7000122070312,736.7000122070312
2025-06-09,14:15:00,736.6500244140625,737.0,736.6500244140625,737.0
2025-06-09,14:30:00,735.7999877929688,736.0,733.1500244140625,735.4500122070312
2025-06-09,14:45:00,735.6500244140625,738.6500244140625,735.6500244140625,738.5499877929688
2025-06-09,15:00:00,738.9500122070312,739.0499877929688,733.0499877929688,733.7999877929688
2025-06-09,15:15:00,733.75,739.9500122070312,728.0499877929688,733.7000122070312
2025-06-10,09:15:00,738.2999877929688,738.2999877929688,720.4000244140625,720.4500122070312
2025-06-10,09:30:00,720.0499877929688,725.0,718.0,719.0
2025-06-10,09:45:00,718.2999877929688,718.7999877929688,715.9500122070312,717.2000122070312
2025-06-10,10:00:00,717.9500122070312,721.7000122070312,717.0,720.2999877929688
2025-06-10,10:15:00,720.25,723.75,720.0499877929688,722.75
2025-06-10,10:30:00,724.2000122070312,724.4000244140625,721.7999877929688,721.7999877929688
2025-06-10,10:45:00,721.75,724.0999755859375,721.75,723.4000244140625
2025-06-10,11:00:00,722.2999877929688,734.25,722.2999877929688,734.25
2025-06-10,11:15:00,735.2000122070312,736.4000244140625,733.4500122070312,734.9000244140625
2025-06-10,11:30:00,734.2999877929688,734.2999877929688,730.0499877929688,730.0499877929688
2025-06-10,11:45:00,730.0999755859375,731.0,730.0,730.0
2025-06-10,12:00:00,729.9500122070312,732.7999877929688,728.5,728.5
2025-06-10,12:15:00,729.25,732.2999877929688,729.25,730.75
2025-06-10,12:30:00,731.8499755859375,732.0,731.8499755859375,732.0
2025-06-10,12:45:00,731.4500122070312,731.5999755859375,730.8499755859375,730.8499755859375
2025-06-10,13:00:00,730.5,730.5,729.5,729.5
2025-06-10,13:15:00,729.3499755859375,729.3499755859375,729.3499755859375,729.3499755859375
2025-06-10,13:30:00,728.5499877929688,728.5499877929688,723.8499755859375,725.0999755859375
2025-06-10,13:45:00,724.6500244140625,724.6500244140625,723.0499877929688,723.0499877929688
2025-06-10,14:00:00,723.0,724.3499755859375,723.0,724.3499755859375
2025-06-10,14:15:00,723.1500244140625,723.1500244140625,723.1500244140625,723.1500244140625
2025-06-10,14:30:00,723.0,723.0,721.5999755859375,721.5999755859375
2025-06-10,14:45:00,723.0,723.0,721.5999755859375,723.0
2025-06-10,15:00:00,724.6500244140625,727.8499755859375,724.4000244140625,726.8499755859375
2025-06-10,15:15:00,726.7999877929688,739.2999877929688,724.0,726.5
2025-06-11,09:15:00,723.0,738.5,723.0,737.8499755859375
2025-06-11,09:30:00,737.75,740.0,737.5,737.5
2025-06-11,09:45:00,738.7000122070312,740.0,737.5,738.0
2025-06-11,10:00:00,738.0,738.0,734.0,734.0
2025-06-11,10:15:00,733.9500122070312,733.9500122070312,733.8499755859375,733.8499755859375
2025-06-11,10:30:00,731.8499755859375,731.8499755859375,731.0499877929688,731.0499877929688
2025-06-11,11:15:00,737.2000122070312,737.8499755859375,737.2000122070312,737.8499755859375
2025-06-11,11:30:00,737.0,737.0499877929688,735.3499755859375,735.3499755859375
2025-06-11,11:45:00,735.4000244140625,735.5,735.4000244140625,735.5
2025-06-11,12:00:00,735.5,735.5,733.9000244140625,733.9000244140625
2025-06-11,12:15:00,733.2000122070312,734.3499755859375,728.0,734.3499755859375
2025-06-11,12:30:00,733.9000244140625,733.9000244140625,733.9000244140625,733.9000244140625
2025-06-11,12:45:00,734.0499877929688,735.7000122070312,734.0499877929688,735.7000122070312
2025-06-11,13:00:00,735.5999755859375,735.5999755859375,732.0999755859375,732.0999755859375
2025-06-11,13:15:00,731.2000122070312,731.2000122070312,730.1500244140625,730.1500244140625
2025-06-11,13:30:00,730.0,730.0,730.0,730.0
2025-06-11,13:45:00,730.0,730.25,726.9500122070312,729.5999755859375
2025-06-11,14:00:00,728.7999877929688,728.7999877929688,728.7999877929688,728.7999877929688
2025-06-11,14:15:00,729.3499755859375,729.3499755859375,729.3499755859375,729.3499755859375
2025-06-11,14:30:00,728.5999755859375,728.8499755859375,728.5999755859375,728.8499755859375
2025-06-11,14:45:00,730.0,732.1500244140625,730.0,731.9500122070312
2025-06-11,15:00:00,732.7000122070312,737.1500244140625,730.6500244140625,736.8499755859375
2025-06-11,15:15:00,733.3499755859375,736.7999877929688,730.0,733.8499755859375
2025-06-12,09:15:00,736.2999877929688,736.9500122070312,731.8499755859375,731.8499755859375
2025-06-12,09:30:00,731.0,732.0499877929688,728.0,730.3499755859375
2025-06-12,09:45:00,731.0,731.0,731.0,731.0
2025-06-12,10:00:00,732.75,735.2000122070312,731.75,733.2999877929688
2025-06-12,10:15:00,733.7000122070312,734.7999877929688,733.7000122070312,734.4500122070312
2025-06-12,10:30:00,734.0499877929688,734.0499877929688,734.0499877929688,734.0499877929688
2025-06-12,10:45:00,734.0999755859375,734.0999755859375,734.0999755859375,734.0999755859375
2025-06-12,11:15:00,733.0,733.0,733.0,733.0
2025-06-12,11:45:00,732.0999755859375,732.0999755859375,731.9000244140625,731.9000244140625
2025-06-12,12:00:00,735.9500122070312,735.9500122070312,733.0999755859375,733.0999755859375
2025-06-12,12:15:00,735.3499755859375,735.3499755859375,735.3499755859375,735.3499755859375
2025-06-12,12:30:00,735.2999877929688,737.5,735.2999877929688,737.5
2025-06-12,12:45:00,737.4500122070312,737.4500122070312,737.4500122070312,737.4500122070312
2025-06-12,13:15:00,736.25,736.2999877929688,736.25,736.2999877929688
2025-06-12,13:30:00,735.6500244140625,735.6500244140625,732.7000122070312,734.25
2025-06-12,13:45:00,734.1500244140625,734.1500244140625,732.2999877929688,732.2999877929688
2025-06-12,14:00:00,732.5,732.5,731.9000244140625,732.2999877929688
2025-06-12,14:15:00,733.5999755859375,733.5999755859375,732.0,732.0499877929688
2025-06-12,14:30:00,732.0499877929688,733.3499755859375,732.0499877929688,733.2999877929688
2025-06-12,15:00:00,732.1500244140625,732.1500244140625,732.1500244140625,732.1500244140625
2025-06-12,15:15:00,732.8499755859375,732.8499755859375,731.9000244140625,732.0
2025-06-13,09:15:00,733.7000122070312,733.7000122070312,724.3499755859375,726.2999877929688
2025-06-13,09:30:00,726.2000122070312,728.25,725.25,725.9500122070312
2025-06-13,09:45:00,723.9000244140625,726.5999755859375,719.9000244140625,726.5999755859375
2025-06-13,10:00:00,725.8499755859375,726.75,725.8499755859375,726.75
2025-06-13,10:15:00,727.3499755859375,727.3499755859375,726.5999755859375,726.6500244140625
2025-06-13,10:30:00,727.4000244140625,729.2000122070312,727.4000244140625,728.0999755859375
2025-06-13,10:45:00,728.0,735.9000244140625,728.0,735.0999755859375
2025-06-13,11:00:00,735.9000244140625,743.3499755859375,735.9000244140625,740.7999877929688
2025-06-13,11:15:00,740.0499877929688,740.0499877929688,738.5,738.5
2025-06-13,11:30:00,738.2000122070312,739.1500244140625,737.7000122070312,737.7000122070312
2025-06-13,11:45:00,737.7000122070312,737.7000122070312,735.0,737.0
2025-06-13,12:00:00,736.5999755859375,741.9000244140625,736.5999755859375,739.0999755859375
2025-06-13,12:15:00,740.1500244140625,741.1500244140625,737.9500122070312,739.0
2025-06-13,12:30:00,739.0,739.0,737.7999877929688,737.7999877929688
2025-06-13,12:45:00,737.0,737.0,736.5499877929688,736.5499877929688
2025-06-13,13:15:00,736.5,737.75,736.5,737.75
2025-06-13,13:45:00,738.2000122070312,741.3499755859375,738.2000122070312,741.3499755859375
2025-06-13,14:00:00,741.5499877929688,741.5499877929688,738.5999755859375,739.4500122070312
2025-06-13,14:15:00,739.2000122070312,740.9000244140625,739.2000122070312,739.7000122070312
2025-06-13,14:30:00,739.0,739.0,735.4000244140625,735.9500122070312
2025-06-13,14:45:00,735.0,739.0999755859375,735.0,739.0999755859375
2025-06-13,15:00:00,739.2999877929688,739.2999877929688,735.3499755859375,737.0999755859375
2025-06-13,15:15:00,737.9500122070312,737.9500122070312,736.5,736.9000244140625
2025-06-16,09:15:00,735.0,740.5999755859375,730.0,731.0
2025-06-16,09:30:00,730.0,730.5499877929688,723.3499755859375,723.3499755859375
2025-06-16,09:45:00,724.0,725.5999755859375,718.0,721.25
2025-06-16,10:00:00,721.9500122070312,725.7999877929688,719.5,725.7999877929688
2025-06-16,10:15:00,724.2999877929688,727.0499877929688,724.2999877929688,724.5
2025-06-16,10:30:00,724.2000122070312,724.5,724.2000122070312,724.5
2025-06-16,10:45:00,724.2000122070312,731.4000244140625,724.2000122070312,726.7000122070312
2025-06-16,11:00:00,728.2000122070312,729.4500122070312,726.0499877929688,727.0999755859375
2025-06-16,11:15:00,726.2999877929688,726.2999877929688,726.2999877929688,726.2999877929688
2025-06-16,11:30:00,729.2000122070312,729.2000122070312,723.0,724.25
2025-06-16,11:45:00,725.5499877929688,725.5499877929688,724.7999877929688,724.7999877929688
2025-06-16,12:00:00,724.9000244140625,726.7999877929688,724.9000244140625,726.7999877929688
2025-06-16,12:15:00,724.5999755859375,725.2000122070312,724.5999755859375,724.9500122070312
2025-06-16,12:30:00,725.0499877929688,725.0499877929688,725.0499877929688,725.0499877929688
2025-06-16,12:45:00,726.5,728.3499755859375,726.5,728.0499877929688
2025-06-16,13:00:00,729.0999755859375,731.4500122070312,727.25,731.4500122070312
2025-06-16,13:15:00,731.0499877929688,731.0999755859375,731.0499877929688,731.0999755859375
2025-06-16,13:30:00,732.0499877929688,732.0499877929688,729.9000244140625,731.0999755859375
2025-06-16,13:45:00,728.9000244140625,729.7000122070312,728.9000244140625,729.5999755859375
2025-06-16,14:00:00,729.75,729.75,729.75,729.75
2025-06-16,14:15:00,728.2000122070312,728.2000122070312,728.2000122070312,728.2000122070312
2025-06-16,14:30:00,730.0999755859375,730.0999755859375,729.3499755859375,729.75
2025-06-16,14:45:00,730.4000244140625,730.4000244140625,730.0,730.0
2025-06-16,15:00:00,730.0,736.4000244140625,728.4000244140625,736.4000244140625
2025-06-16,15:15:00,731.4500122070312,735.2000122070312,731.0,731.25
2025-06-17,09:15:00,729.8499755859375,732.2999877929688,727.9000244140625,732.0
2025-06-17,09:30:00,734.9000244140625,735.75,732.5999755859375,733.9000244140625
2025-06-17,09:45:00,732.75,732.75,727.5999755859375,731.25
2025-06-17,10:00:00,730.0,730.9500122070312,730.0,730.9500122070312
2025-06-17,10:15:00,731.9000244140625,731.9000244140625,731.9000244140625,731.9000244140625
2025-06-17,10:30:00,731.4000244140625,731.4000244140625,727.75,727.75
2025-06-17,10:45:00,727.7000122070312,731.7000122070312,726.0,730.25
2025-06-17,11:00:00,727.1500244140625,729.5999755859375,726.25,729.5999755859375
2025-06-17,11:15:00,727.25,727.2999877929688,726.0,726.7000122070312
2025-06-17,11:30:00,726.7000122070312,726.7000122070312,726.0,726.0499877929688
2025-06-17,11:45:00,726.0499877929688,726.9000244140625,725.0499877929688,725.2000122070312
2025-06-17,12:00:00,725.8499755859375,727.25,725.0999755859375,726.5
2025-06-17,12:15:00,726.5,726.7999877929688,726.5,726.5
2025-06-17,12:30:00,726.5,726.5,725.0,725.5
2025-06-17,12:45:00,725.4000244140625,725.4500122070312,725.0999755859375,725.0999755859375
2025-06-17,13:00:00,725.3499755859375,725.5999755859375,725.0999755859375,725.2999877929688
2025-06-17,13:15:00,725.2000122070312,726.0,725.0999755859375,725.4500122070312
2025-06-17,13:30:00,725.4500122070312,726.8499755859375,725.0,725.9000244140625
2025-06-17,13:45:00,725.2000122070312,727.7000122070312,725.0,727.7000122070312
2025-06-17,14:00:00,725.5999755859375,727.3499755859375,725.0,726.0999755859375
2025-06-17,14:15:00,725.25,725.7000122070312,725.0,725.7000122070312
2025-06-17,14:30:00,725.7000122070312,725.7000122070312,725.0,725.0499877929688
2025-06-17,14:45:00,725.0499877929688,725.0499877929688,725.0,725.0
2025-06-17,15:00:00,725.0499877929688,726.5499877929688,725.0,726.5499877929688
2025-06-17,15:15:00,725.0499877929688,729.25,725.0,726.2999877929688
2025-06-18,09:15:00,720.0,730.4000244140625,718.9000244140625,730.4000244140625
2025-06-18,09:30:00,729.7999877929688,730.4500122070312,729.2000122070312,730.4500122070312
2025-06-18,10:00:00,727.75,728.25,727.75,728.25
2025-06-18,10:15:00,728.25,728.25,728.0499877929688,728.0499877929688
2025-06-18,10:30:00,727.6500244140625,728.5,727.6500244140625,728.5
2025-06-18,10:45:00,728.0999755859375,728.0999755859375,727.6500244140625,727.6500244140625
2025-06-18,11:00:00,728.4500122070312,731.9500122070312,727.0,731.9500122070312
2025-06-18,11:15:00,728.2999877929688,729.5999755859375,728.2999877929688,729.5999755859375
2025-06-18,11:45:00,729.3499755859375,729.3499755859375,729.2999877929688,729.2999877929688
2025-06-18,12:00:00,729.5,729.5,728.0499877929688,728.5499877929688
2025-06-18,12:30:00,727.5499877929688,727.5499877929688,727.5499877929688,727.5499877929688
2025-06-18,12:45:00,727.1500244140625,727.1500244140625,727.1500244140625,727.1500244140625
2025-06-18,13:00:00,729.9000244140625,729.9000244140625,729.0999755859375,729.3499755859375
2025-06-18,13:15:00,728.2000122070312,728.2000122070312,728.2000122070312,728.2000122070312
2025-06-18,13:30:00,728.0,728.0,728.0,728.0
2025-06-18,13:45:00,731.8499755859375,732.9500122070312,730.0,730.0
2025-06-18,14:15:00,728.5999755859375,728.5999755859375,728.5,728.5
2025-06-18,14:30:00,728.5,732.2999877929688,728.5,732.2999877929688
2025-06-18,14:45:00,735.2999877929688,735.2999877929688,733.0,733.0
2025-06-18,15:00:00,734.9000244140625,734.9000244140625,732.2000122070312,734.5499877929688
2025-06-18,15:15:00,734.7000122070312,737.0,728.5999755859375,734.0499877929688
2025-06-19,09:15:00,728.9500122070312,738.2999877929688,728.7999877929688,737.75
2025-06-19,09:30:00,739.4500122070312,747.9500122070312,735.0,735.0499877929688
2025-06-19,09:45:00,735.0,735.75,732.0,732.0
2025-06-19,10:00:00,734.0,734.0,734.0,734.0
2025-06-19,10:15:00,734.9000244140625,735.9500122070312,734.9000244140625,735.9500122070312
2025-06-19,10:30:00,732.0,734.25,732.0,734.25
2025-06-19,10:45:00,733.0,733.0,733.0,733.0
2025-06-19,11:15:00,733.0,733.0,733.0,733.0
2025-06-19,11:30:00,732.6500244140625,732.6500244140625,732.0,732.0
2025-06-19,11:45:00,731.7000122070312,764.4500122070312,730.7999877929688,764.4500122070312
2025-06-19,12:00:00,774.0,790.0,766.0,770.2999877929688
2025-06-19,12:15:00,765.0499877929688,769.0,749.8499755859375,754.5
2025-06-19,12:30:00,753.0,754.0,743.4000244140625,748.0499877929688
2025-06-19,12:45:00,748.75,751.3499755859375,746.9500122070312,748.2000122070312
2025-06-19,13:00:00,750.0,751.0,744.4000244140625,744.5499877929688
2025-06-19,13:15:00,745.4500122070312,745.9500122070312,738.0499877929688,743.4500122070312
2025-06-19,13:30:00,743.0999755859375,743.7000122070312,739.3499755859375,740.3499755859375
2025-06-19,13:45:00,739.9500122070312,743.0999755859375,739.9500122070312,741.7000122070312
2025-06-19,14:00:00,742.0,743.0,737.0999755859375,741.75
2025-06-19,14:15:00,744.0,749.0,741.5499877929688,745.7999877929688
2025-06-19,14:30:00,746.7999877929688,748.0,745.0,745.0
2025-06-19,14:45:00,742.5,745.0,742.5,744.9000244140625
2025-06-19,15:00:00,746.25,747.4000244140625,744.0,745.7000122070312
2025-06-19,15:15:00,744.0499877929688,745.0,735.4500122070312,740.4500122070312
2025-06-20,09:15:00,743.7999877929688,753.2000122070312,739.5,752.8499755859375
2025-06-20,09:30:00,756.9500122070312,761.0999755859375,752.0,757.2999877929688
2025-06-20,09:45:00,757.7000122070312,759.1500244140625,745.0,750.4000244140625
2025-06-20,10:00:00,752.9500122070312,753.5499877929688,747.5499877929688,749.7999877929688
2025-06-20,10:15:00,749.7000122070312,751.6500244140625,749.1500244140625,749.1500244140625
2025-06-20,10:30:00,749.6500244140625,758.4500122070312,749.6500244140625,755.9500122070312
2025-06-20,10:45:00,756.7999877929688,760.5,755.0,760.0499877929688
2025-06-20,11:00:00,758.5999755859375,760.5,758.0,759.9500122070312
2025-06-20,11:15:00,759.3499755859375,763.7999877929688,757.25,759.5499877929688
2025-06-20,11:30:00,759.5,759.5,756.0499877929688,757.3499755859375
2025-06-20,11:45:00,756.6500244140625,756.9500122070312,755.25,756.9500122070312
2025-06-20,12:00:00,758.5,758.5,757.4000244140625,757.4000244140625
2025-06-20,12:15:00,757.8499755859375,757.8499755859375,751.4500122070312,751.6500244140625
2025-06-20,12:30:00,750.0999755859375,751.7000122070312,745.7000122070312,746.25
2025-06-20,12:45:00,745.5999755859375,747.2999877929688,741.3499755859375,743.5499877929688
2025-06-20,13:00:00,742.9000244140625,745.9000244140625,742.9000244140625,745.0
2025-06-20,13:15:00,745.0,745.0,744.9500122070312,745.0
2025-06-20,13:30:00,742.5499877929688,742.5499877929688,737.9500122070312,739.9500122070312
2025-06-20,13:45:00,739.9000244140625,741.2999877929688,738.0,738.0499877929688
2025-06-20,14:00:00,737.7999877929688,739.0,736.0,737.7999877929688
2025-06-20,14:15:00,738.6500244140625,738.6500244140625,737.0499877929688,737.0499877929688
2025-06-20,14:30:00,737.6500244140625,737.6500244140625,736.0,736.0
2025-06-20,14:45:00,736.7999877929688,744.0499877929688,736.7999877929688,739.0
2025-06-20,15:00:00,739.0,740.5,737.0999755859375,738.9000244140625
2025-06-20,15:15:00,737.1500244140625,738.7999877929688,732.0,735.0
2025-06-23,09:15:00,735.0,765.5999755859375,735.0,748.0
2025-06-23,09:30:00,750.5,760.7999877929688,750.1500244140625,759.7000122070312
2025-06-23,09:45:00,757.7999877929688,764.9000244140625,754.3499755859375,760.6500244140625
2025-06-23,10:00:00,761.4000244140625,764.7000122070312,760.0,764.7000122070312
2025-06-23,10:15:00,762.8499755859375,769.0,762.2999877929688,764.1500244140625
2025-06-23,10:30:00,762.8499755859375,766.25,762.0,765.2999877929688
2025-06-23,10:45:00,766.0999755859375,774.0,766.0999755859375,770.9000244140625
2025-06-23,11:00:00,770.9500122070312,772.5,769.0,771.7000122070312
2025-06-23,11:15:00,770.0,780.0,769.0,778.0
2025-06-23,11:30:00,778.0,793.1500244140625,777.1500244140625,789.9000244140625
2025-06-23,11:45:00,790.0499877929688,795.0,780.0499877929688,788.4500122070312
2025-06-23,12:00:00,787.9000244140625,789.7000122070312,784.0999755859375,788.0499877929688
2025-06-23,12:15:00,789.7000122070312,792.9500122070312,787.0,790.8499755859375
2025-06-23,12:30:00,792.0499877929688,794.6500244140625,786.3499755859375,790.0
2025-06-23,12:45:00,788.8499755859375,792.0,786.5999755859375,791.7999877929688
2025-06-23,13:00:00,790.6500244140625,793.9000244140625,787.0,789.25
2025-06-23,13:15:00,789.7000122070312,789.9500122070312,786.0,788.0
2025-06-23,13:30:00,787.0499877929688,791.0,786.1500244140625,790.2000122070312
2025-06-23,13:45:00,791.6500244140625,794.7000122070312,791.0,793.0499877929688
2025-06-23,14:00:00,792.75,804.7000122070312,792.75,804.0
2025-06-23,14:15:00,803.9000244140625,804.7000122070312,793.2999877929688,794.1500244140625
2025-06-23,14:30:00,794.1500244140625,804.0,794.0,800.3499755859375
2025-06-23,14:45:00,801.4500122070312,802.0499877929688,795.2000122070312,802.0499877929688
2025-06-23,15:00:00,801.8499755859375,802.0,796.75,799.5999755859375
2025-06-23,15:15:00,798.0,802.9500122070312,791.0,794.9000244140625
2025-06-24,09:15:00,797.75,814.4000244140625,797.5,803.8499755859375
2025-06-24,09:30:00,802.5999755859375,802.5999755859375,794.5,799.0999755859375
2025-06-24,09:45:00,799.4500122070312,804.0,796.25,801.4500122070312
2025-06-24,10:00:00,800.2000122070312,802.4500122070312,798.9500122070312,801.25
2025-06-24,10:15:00,801.9500122070312,804.0,801.25,803.8499755859375
2025-06-24,10:30:00,804.0,813.0,802.3499755859375,809.7000122070312
2025-06-24,10:45:00,809.6500244140625,822.5999755859375,806.5499877929688,818.9500122070312
2025-06-24,11:00:00,817.5999755859375,820.9500122070312,814.25,815.9500122070312
2025-06-24,11:15:00,814.25,814.25,809.5499877929688,812.25
2025-06-24,11:30:00,810.2999877929688,814.4500122070312,809.8499755859375,814.4500122070312
2025-06-24,11:45:00,813.0999755859375,823.9500122070312,813.0999755859375,818.0
2025-06-24,12:00:00,819.7999877929688,819.7999877929688,813.7999877929688,816.5
2025-06-24,12:15:00,814.9000244140625,814.9000244140625,811.0,812.1500244140625
2025-06-24,12:30:00,812.7000122070312,815.7000122070312,812.6500244140625,813.7999877929688
2025-06-24,12:45:00,813.25,813.75,811.5999755859375,812.3499755859375
2025-06-24,13:00:00,812.5499877929688,820.0,812.5499877929688,818.9500122070312
2025-06-24,13:15:00,817.5999755859375,819.5,816.0,816.9500122070312
2025-06-24,13:30:00,817.0,818.75,815.0499877929688,815.0499877929688
2025-06-24,13:45:00,815.0499877929688,816.0,810.0,810.9500122070312
2025-06-24,14:00:00,811.7999877929688,812.2000122070312,809.7000122070312,812.2000122070312
2025-06-24,14:15:00,812.25,813.75,810.0,812.7000122070312
2025-06-24,14:30:00,812.0499877929688,815.4500122070312,811.2999877929688,814.8499755859375
2025-06-24,14:45:00,815.25,816.0499877929688,811.7999877929688,815.5499877929688
2025-06-24,15:00:00,817.0499877929688,818.0,812.4500122070312,814.5499877929688
2025-06-24,15:15:00,814.5499877929688,823.7999877929688,812.0499877929688,818.25
2025-06-25,09:15:00,821.6500244140625,851.5999755859375,817.0999755859375,850.7000122070312
2025-06-25,09:30:00,849.2999877929688,854.4000244140625,846.2999877929688,849.25
2025-06-25,09:45:00,849.5,855.0,849.0,850.9000244140625
2025-06-25,10:00:00,850.4000244140625,861.0,849.5,856.9500122070312
2025-06-25,10:15:00,859.7999877929688,863.4500122070312,856.0499877929688,860.0999755859375
2025-06-25,10:30:00,859.6500244140625,862.0,855.5,862.0
2025-06-25,10:45:00,861.9500122070312,879.0,859.9000244140625,874.0
2025-06-25,11:00:00,873.9500122070312,878.2999877929688,859.75,863.4500122070312
2025-06-25,11:15:00,863.4500122070312,868.3499755859375,860.0,860.0
2025-06-25,11:30:00,861.25,864.4000244140625,860.0,860.0499877929688
2025-06-25,11:45:00,861.5999755859375,874.0,860.0,867.6500244140625
2025-06-25,12:00:00,867.75,871.9000244140625,867.0,871.9000244140625
2025-06-25,12:15:00,870.7999877929688,878.3499755859375,870.0499877929688,873.1500244140625
2025-06-25,12:30:00,876.2999877929688,888.0,873.7999877929688,879.8499755859375
2025-06-25,12:45:00,879.0,894.75,878.2999877929688,892.0999755859375
2025-06-25,13:00:00,893.9500122070312,895.0,880.0999755859375,881.4000244140625
2025-06-25,13:15:00,882.9500122070312,889.9000244140625,871.5999755859375,888.7999877929688
2025-06-25,13:30:00,889.1500244140625,893.9500122070312,885.0999755859375,887.8499755859375
2025-06-25,13:45:00,887.5,887.5,882.0,882.0999755859375
2025-06-25,14:00:00,881.2999877929688,885.0,880.5,883.9500122070312
2025-06-25,14:15:00,881.0,884.1500244140625,877.3499755859375,882.5
2025-06-25,14:30:00,882.4500122070312,883.4500122070312,879.0,880.0
2025-06-25,14:45:00,879.6500244140625,893.0,875.0,883.7999877929688
2025-06-25,15:00:00,882.7999877929688,889.4000244140625,882.7999877929688,886.75
2025-06-25,15:15:00,886.9500122070312,899.5,886.9500122070312,899.3499755859375
2025-06-26,09:15:00,895.0,936.9500122070312,892.5999755859375,928.0
2025-06-26,09:30:00,928.0,928.3499755859375,918.1500244140625,928.0499877929688
2025-06-26,09:45:00,929.4000244140625,929.4000244140625,901.0,910.0499877929688
2025-06-26,10:00:00,910.0,918.0,892.7000122070312,913.0
2025-06-26,10:15:00,912.2000122070312,916.0,907.9500122070312,910.25
2025-06-26,10:30:00,909.5499877929688,914.1500244140625,907.9500122070312,909.2999877929688
2025-06-26,10:45:00,910.7999877929688,914.9000244140625,909.2999877929688,910.5
2025-06-26,11:00:00,910.9500122070312,910.9500122070312,906.0,908.8499755859375
2025-06-26,11:15:00,909.9500122070312,909.9500122070312,905.9000244140625,908.25
2025-06-26,11:30:00,909.75,914.3499755859375,907.0499877929688,913.7999877929688
2025-06-26,11:45:00,908.2999877929688,908.2999877929688,903.25,903.25
2025-06-26,12:00:00,903.7999877929688,908.0,902.5,902.5
2025-06-26,12:15:00,902.5,905.3499755859375,901.0,902.7999877929688
2025-06-26,12:30:00,901.5499877929688,904.1500244140625,901.5499877929688,902.0999755859375
2025-06-26,12:45:00,902.0999755859375,906.7000122070312,901.5499877929688,905.0
2025-06-26,13:00:00,903.0499877929688,903.0499877929688,897.25,900.5
2025-06-26,13:15:00,900.0999755859375,905.0999755859375,897.6500244140625,898.0
2025-06-26,13:30:00,898.0,901.9000244140625,896.0999755859375,901.1500244140625
2025-06-26,13:45:00,900.0,900.0,894.5,895.2000122070312
2025-06-26,14:00:00,896.0,897.4000244140625,891.7000122070312,897.4000244140625
2025-06-26,14:15:00,897.0499877929688,897.0499877929688,894.0,895.4500122070312
2025-06-26,14:30:00,893.5499877929688,899.7999877929688,893.5499877929688,899.7999877929688
2025-06-26,14:45:00,899.7999877929688,901.75,895.8499755859375,899.2999877929688
2025-06-26,15:00:00,898.0499877929688,900.7999877929688,895.8499755859375,898.6500244140625
2025-06-26,15:15:00,901.0,905.0,892.0,898.8499755859375
2025-06-27,09:15:00,890.0,908.0499877929688,890.0,891.7000122070312
2025-06-27,09:30:00,893.0,906.25,885.5,891.0
2025-06-27,09:45:00,891.0,899.8499755859375,890.9500122070312,895.0999755859375
2025-06-27,10:00:00,895.2999877929688,896.0,893.0999755859375,893.1500244140625
2025-06-27,10:15:00,893.0,904.5499877929688,892.5,896.0
2025-06-27,10:30:00,895.0,899.4000244140625,894.9000244140625,896.9500122070312
2025-06-27,10:45:00,895.5999755859375,903.0,895.5499877929688,901.0999755859375
2025-06-27,11:00:00,901.0999755859375,906.1500244140625,896.9500122070312,902.2999877929688
2025-06-27,11:15:00,900.2000122070312,905.0,899.75,902.8499755859375
2025-06-27,11:30:00,901.7000122070312,903.4500122070312,900.7999877929688,903.4500122070312
2025-06-27,11:45:00,903.3499755859375,903.3499755859375,900.4000244140625,903.1500244140625
2025-06-27,12:00:00,903.75,904.5499877929688,902.7000122070312,903.0
2025-06-27,12:15:00,901.7999877929688,904.7999877929688,901.7999877929688,903.8499755859375
2025-06-27,12:30:00,904.9000244140625,904.9500122070312,902.9000244140625,902.9000244140625
2025-06-27,12:45:00,904.0,904.0,892.5499877929688,892.5499877929688
2025-06-27,13:00:00,894.0,897.2000122070312,892.1500244140625,895.1500244140625
2025-06-27,13:15:00,894.4500122070312,895.4000244140625,891.7999877929688,893.6500244140625
2025-06-27,13:30:00,893.25,893.25,892.9500122070312,893.2000122070312
2025-06-27,13:45:00,893.25,899.9500122070312,892.5,899.9500122070312
2025-06-27,14:00:00,900.1500244140625,903.0,897.5,897.5
2025-06-27,14:15:00,897.0,897.0,895.0,896.25
2025-06-27,14:30:00,895.75,898.6500244140625,895.75,898.6500244140625
2025-06-27,14:45:00,899.3499755859375,917.75,894.25,917.75
2025-06-27,15:00:00,919.9500122070312,931.9500122070312,916.8499755859375,929.1500244140625
2025-06-27,15:15:00,927.25,930.0,907.75,923.6500244140625
2025-06-30,09:15:00,916.0999755859375,917.3499755859375,909.25,909.25
2025-06-30,09:30:00,906.0999755859375,916.2999877929688,903.9500122070312,913.5999755859375
2025-06-30,09:45:00,911.5499877929688,915.0,908.0,909.9000244140625
2025-06-30,10:00:00,908.0,910.0,908.0,910.0
2025-06-30,10:15:00,909.5999755859375,909.5999755859375,906.25,906.9500122070312
2025-06-30,10:30:00,907.0,909.0,907.0,907.0999755859375
2025-06-30,10:45:00,908.6500244140625,910.2000122070312,907.0,910.2000122070312
2025-06-30,11:00:00,909.0,910.5,907.9500122070312,907.9500122070312
2025-06-30,11:15:00,908.9500122070312,910.0,907.4500122070312,910.0
2025-06-30,11:30:00,908.0499877929688,908.2999877929688,908.0,908.0
2025-06-30,11:45:00,908.0,908.0,906.4000244140625,906.4000244140625
2025-06-30,12:00:00,906.5,907.7999877929688,906.0499877929688,906.0499877929688
2025-06-30,12:15:00,906.0,908.0,903.0,906.6500244140625
2025-06-30,12:30:00,907.9500122070312,907.9500122070312,903.8499755859375,906.1500244140625
2025-06-30,12:45:00,905.75,905.75,902.5999755859375,902.5999755859375
2025-06-30,13:00:00,902.4000244140625,905.7000122070312,900.0999755859375,901.6500244140625
2025-06-30,13:15:00,900.5,902.5,900.5,901.5999755859375
2025-06-30,13:30:00,902.5499877929688,902.5499877929688,901.4000244140625,902.4000244140625
2025-06-30,13:45:00,901.2000122070312,901.25,899.0999755859375,900.6500244140625
2025-06-30,14:00:00,900.0499877929688,903.0999755859375,899.0,903.0999755859375
2025-06-30,14:15:00,901.5499877929688,905.4500122070312,901.5499877929688,905.4000244140625
2025-06-30,14:30:00,906.5999755859375,909.2999877929688,906.5999755859375,908.2999877929688
2025-06-30,14:45:00,907.7000122070312,909.2999877929688,906.2999877929688,908.7000122070312
2025-06-30,15:00:00,909.1500244140625,929.0,908.9000244140625,917.9000244140625
2025-06-30,15:15:00,917.0,924.25,910.0499877929688,917.1500244140625
2025-07-01,09:15:00,915.7000122070312,920.75,910.25,911.3499755859375
2025-07-01,09:30:00,909.0,911.0999755859375,908.3499755859375,908.3499755859375
2025-07-01,09:45:00,907.0999755859375,907.0999755859375,903.1500244140625,906.0
2025-07-01,10:00:00,906.4500122070312,906.4500122070312,902.2000122070312,902.2000122070312
2025-07-01,10:15:00,902.0,908.3499755859375,902.0,908.2999877929688
2025-07-01,10:30:00,910.0,911.7000122070312,907.25,909.7999877929688
2025-07-01,10:45:00,909.7000122070312,909.7000122070312,903.9000244140625,905.5499877929688
2025-07-01,11:00:00,903.7999877929688,911.7000122070312,903.7999877929688,908.5
2025-07-01,11:15:00,908.3499755859375,908.3499755859375,906.9500122070312,908.0
2025-07-01,11:30:00,906.7000122070312,914.7999877929688,906.7000122070312,911.75
2025-07-01,11:45:00,913.5,924.2000122070312,913.5,919.4500122070312
2025-07-01,12:00:00,920.0499877929688,921.8499755859375,920.0499877929688,920.25
2025-07-01,12:15:00,917.5499877929688,917.5499877929688,909.9500122070312,913.0
2025-07-01,12:30:00,914.0,917.4500122070312,912.0,917.4500122070312
2025-07-01,12:45:00,916.4500122070312,916.75,915.25,916.0
2025-07-01,13:15:00,916.2999877929688,916.2999877929688,906.5499877929688,913.0499877929688
2025-07-01,13:30:00,911.0,942.2000122070312,909.9500122070312,932.9000244140625
2025-07-01,13:45:00,932.9500122070312,948.0,930.5,934.8499755859375
2025-07-01,14:00:00,933.4000244140625,939.0,930.0,933.7000122070312
2025-07-01,14:15:00,934.7999877929688,934.7999877929688,928.2000122070312,929.7999877929688
2025-07-01,14:30:00,930.0499877929688,931.9000244140625,925.0,927.4000244140625
2025-07-01,14:45:00,928.1500244140625,928.4000244140625,922.5,922.5
2025-07-01,15:00:00,923.8499755859375,926.4000244140625,920.0,926.4000244140625
2025-07-01,15:15:00,926.4000244140625,927.8499755859375,919.4000244140625,923.5999755859375
2025-07-02,09:15:00,924.5,926.9500122070312,914.0499877929688,918.0999755859375
2025-07-02,09:30:00,921.0999755859375,921.2000122070312,915.0,915.0
2025-07-02,09:45:00,915.0,915.5999755859375,912.0,912.9000244140625
2025-07-02,10:00:00,913.0,914.4500122070312,913.0,914.4500122070312
2025-07-02,10:15:00,913.9500122070312,913.9500122070312,911.0,911.5
2025-07-02,10:30:00,911.5,911.5,907.9500122070312,908.9500122070312
2025-07-02,10:45:00,905.0,909.0,902.2999877929688,905.5
2025-07-02,11:00:00,906.2000122070312,906.75,903.0999755859375,905.25
2025-07-02,11:15:00,904.7000122070312,906.25,904.7000122070312,906.0499877929688
2025-07-02,11:30:00,908.3499755859375,908.3499755859375,906.0,906.7999877929688
2025-07-02,11:45:00,906.7999877929688,908.9500122070312,904.6500244140625,906.7000122070312
2025-07-02,12:00:00,905.2000122070312,906.7000122070312,905.2000122070312,906.7000122070312
2025-07-02,12:15:00,906.6500244140625,906.7000122070312,905.0,905.0
2025-07-02,12:30:00,905.0,905.9500122070312,904.0,904.2000122070312
2025-07-02,12:45:00,903.3499755859375,903.9500122070312,902.7000122070312,903.0
2025-07-02,13:00:00,902.7000122070312,904.4000244140625,902.7000122070312,904.4000244140625
2025-07-02,13:15:00,901.2999877929688,907.0,900.0499877929688,907.0
2025-07-02,13:30:00,906.0499877929688,913.7999877929688,906.0499877929688,910.0999755859375
2025-07-02,13:45:00,909.3499755859375,909.3499755859375,905.9000244140625,906.6500244140625
2025-07-02,14:00:00,906.6500244140625,907.2999877929688,905.8499755859375,907.2999877929688
2025-07-02,14:15:00,906.2999877929688,907.9500122070312,905.2000122070312,907.9500122070312
2025-07-02,14:30:00,906.4500122070312,908.4500122070312,906.4000244140625,908.4500122070312
2025-07-02,14:45:00,908.4500122070312,908.5999755859375,907.5,907.5
2025-07-02,15:00:00,908.5,909.0,906.9500122070312,906.9500122070312
2025-07-02,15:15:00,907.2999877929688,915.0,907.2999877929688,909.4000244140625
2025-07-03,09:15:00,910.0,929.0,910.0,915.3499755859375
2025-07-03,09:30:00,914.3499755859375,918.7000122070312,913.5,913.5
2025-07-03,09:45:00,912.0499877929688,917.0,912.0499877929688,917.0
2025-07-03,10:00:00,916.5,917.0,915.7000122070312,915.7000122070312
2025-07-03,10:15:00,916.8499755859375,916.8499755859375,916.5,916.5
2025-07-03,10:30:00,916.4500122070312,916.4500122070312,913.1500244140625,913.1500244140625
2025-07-03,10:45:00,914.2999877929688,915.5999755859375,913.7000122070312,914.5
2025-07-03,11:00:00,914.5,916.5,914.5,915.4000244140625
2025-07-03,11:15:00,915.4000244140625,915.5999755859375,914.0499877929688,915.0999755859375
2025-07-03,11:30:00,912.5,914.0,912.5,913.75
2025-07-03,11:45:00,915.0,915.0,914.0,914.0
2025-07-03,12:00:00,913.9500122070312,913.9500122070312,911.0,911.0
2025-07-03,12:15:00,911.0,915.9000244140625,911.0,913.0
2025-07-03,12:30:00,912.5,912.5,907.5,910.0
2025-07-03,12:45:00,909.75,909.75,906.5999755859375,908.25
2025-07-03,13:00:00,908.25,908.25,907.4000244140625,907.4000244140625
2025-07-03,13:15:00,907.4000244140625,907.4000244140625,907.4000244140625,907.4000244140625
2025-07-03,13:30:00,907.4000244140625,909.0,907.0,909.0
2025-07-03,13:45:00,908.3499755859375,910.9500122070312,907.75,909.0
2025-07-03,14:00:00,907.7999877929688,909.9000244140625,907.7999877929688,909.9000244140625
2025-07-03,14:15:00,909.7999877929688,909.9000244140625,908.5999755859375,909.9000244140625
2025-07-03,14:30:00,909.6500244140625,909.9000244140625,908.75,909.9000244140625
2025-07-03,14:45:00,907.3499755859375,909.0,907.1500244140625,908.5
2025-07-03,15:00:00,908.4500122070312,909.0,907.0499877929688,909.0
2025-07-03,15:15:00,908.25,909.0,907.0,908.5
2025-07-04,09:15:00,910.0,918.5,907.5999755859375,907.5999755859375
2025-07-04,09:30:00,907.5999755859375,908.7999877929688,905.0499877929688,907.9500122070312
2025-07-04,09:45:00,907.5,907.5,906.0,906.0499877929688
2025-07-04,10:00:00,907.0999755859375,911.0,907.0499877929688,908.4000244140625
2025-07-04,10:15:00,908.3499755859375,909.4500122070312,907.2000122070312,907.8499755859375
2025-07-04,10:30:00,908.0,908.0,907.0,907.0
2025-07-04,10:45:00,907.0,908.4500122070312,907.0,907.1500244140625
2025-07-04,11:00:00,907.0999755859375,908.9500122070312,907.0999755859375,907.0999755859375
2025-07-04,11:15:00,908.9500122070312,909.0,907.2999877929688,908.4000244140625
2025-07-04,11:30:00,908.2000122070312,909.0,907.4000244140625,908.9000244140625
2025-07-04,11:45:00,907.4500122070312,907.5,905.9000244140625,907.0
2025-07-04,12:00:00,906.0,908.4500122070312,906.0,906.5999755859375
2025-07-04,12:30:00,908.7000122070312,908.7000122070312,906.6500244140625,906.6500244140625
2025-07-04,12:45:00,908.0,908.2000122070312,906.5,906.5
2025-07-04,13:00:00,907.0,907.0,907.0,907.0
2025-07-04,13:15:00,906.5499877929688,907.0,906.5,907.0
2025-07-04,13:30:00,907.0,907.0,906.75,906.7999877929688
2025-07-04,13:45:00,906.75,907.0,906.5,907.0
2025-07-04,14:00:00,907.0,907.0,905.0,905.0
2025-07-04,14:15:00,905.0499877929688,907.0,905.0,905.1500244140625
2025-07-04,14:30:00,905.1500244140625,906.0999755859375,905.1500244140625,905.2999877929688
2025-07-04,14:45:00,905.0,907.0,905.0,907.0
2025-07-04,15:00:00,909.4500122070312,913.25,907.9500122070312,908.8499755859375
2025-07-04,15:15:00,908.7000122070312,909.7000122070312,905.0,907.9500122070312
2025-07-07,09:15:00,901.0499877929688,920.0,901.0499877929688,917.5
2025-07-07,09:30:00,918.4500122070312,918.5,914.6500244140625,916.4500122070312
2025-07-07,09:45:00,916.5999755859375,916.5999755859375,910.1500244140625,910.25
2025-07-07,10:00:00,910.4000244140625,910.4000244140625,908.1500244140625,910.0499877929688
2025-07-07,10:15:00,909.0499877929688,910.4000244140625,909.0499877929688,910.4000244140625
2025-07-07,10:30:00,910.9500122070312,912.0,910.9000244140625,911.2000122070312
2025-07-07,10:45:00,911.5499877929688,911.5499877929688,907.0,907.8499755859375
2025-07-07,11:00:00,906.5499877929688,906.5499877929688,898.2000122070312,899.5999755859375
2025-07-07,11:15:00,899.5999755859375,899.5999755859375,897.5499877929688,897.75
2025-07-07,11:30:00,896.2999877929688,897.4500122070312,891.4000244140625,895.25
2025-07-07,11:45:00,895.0,895.4000244140625,888.0499877929688,889.9500122070312
2025-07-07,12:00:00,890.0,890.0,880.5499877929688,884.3499755859375
2025-07-07,12:15:00,882.5,889.1500244140625,881.0,888.7999877929688
2025-07-07,12:30:00,886.8499755859375,888.7999877929688,885.75,887.1500244140625
2025-07-07,12:45:00,885.0,885.5,882.7999877929688,883.9500122070312
2025-07-07,13:00:00,883.0,884.4500122070312,883.0,883.0
2025-07-07,13:15:00,883.0,884.4500122070312,883.0,884.4500122070312
2025-07-07,13:30:00,883.0,883.9500122070312,881.7000122070312,881.7000122070312
2025-07-07,13:45:00,881.0,882.4500122070312,880.5,882.0
2025-07-07,14:00:00,881.0999755859375,882.3499755859375,880.5,882.3499755859375
2025-07-07,14:15:00,881.7999877929688,882.5,880.5499877929688,881.6500244140625
2025-07-07,14:30:00,881.6500244140625,882.4500122070312,880.75,882.4500122070312
2025-07-07,14:45:00,882.2000122070312,882.4000244140625,880.5,881.0999755859375
2025-07-07,15:00:00,881.0999755859375,882.9500122070312,880.5,881.5
2025-07-07,15:15:00,880.8499755859375,882.8499755859375,878.9000244140625,879.5999755859375
2025-07-08,09:15:00,880.0499877929688,888.9500122070312,880.0499877929688,882.3499755859375
2025-07-08,09:30:00,880.0,881.3499755859375,875.4000244140625,876.0
2025-07-08,09:45:00,876.0,879.0,872.6500244140625,874.7000122070312
2025-07-08,10:00:00,874.4500122070312,876.0,868.5,869.4000244140625
2025-07-08,10:15:00,870.4500122070312,872.0,869.0499877929688,871.5
2025-07-08,10:30:00,871.75,871.9500122070312,870.0,870.0
2025-07-08,10:45:00,868.75,869.2999877929688,866.0,869.2999877929688
2025-07-08,11:00:00,868.0499877929688,868.0499877929688,864.0,864.0
2025-07-08,11:15:00,863.4000244140625,867.4500122070312,862.8499755859375,867.1500244140625
2025-07-08,11:30:00,867.4000244140625,867.4000244140625,866.6500244140625,866.6500244140625
2025-07-08,11:45:00,866.6500244140625,867.0499877929688,865.4500122070312,867.0499877929688
2025-07-08,12:15:00,866.1500244140625,866.1500244140625,864.0,864.5499877929688
2025-07-08,12:30:00,866.5999755859375,866.7999877929688,866.5999755859375,866.7999877929688
2025-07-08,12:45:00,867.5499877929688,867.5499877929688,865.0499877929688,865.0499877929688
2025-07-08,13:00:00,866.9000244140625,872.0,866.9000244140625,871.9000244140625
2025-07-08,13:15:00,872.0,872.0,870.75,870.75
2025-07-08,13:30:00,872.0999755859375,874.8499755859375,872.0999755859375,872.25
2025-07-08,13:45:00,872.2000122070312,872.2000122070312,870.6500244140625,872.0
2025-07-08,14:00:00,872.0,872.0,872.0,872.0
2025-07-08,14:15:00,872.0,873.5999755859375,872.0,873.5999755859375
2025-07-08,14:30:00,873.5999755859375,874.0,871.2999877929688,874.0
2025-07-08,14:45:00,873.0499877929688,875.0,870.0499877929688,874.9000244140625
2025-07-08,15:00:00,874.3499755859375,874.9500122070312,872.9000244140625,872.9000244140625
2025-07-08,15:15:00,873.8499755859375,875.0,869.9000244140625,872.7000122070312
2025-07-09,09:15:00,872.5999755859375,872.5999755859375,864.9500122070312,864.9500122070312
2025-07-09,09:30:00,865.8499755859375,869.4000244140625,864.9500122070312,865.1500244140625
2025-07-09,09:45:00,864.9500122070312,866.9000244140625,862.2000122070312,865.8499755859375
2025-07-09,10:00:00,866.0499877929688,873.0,866.0499877929688,873.0
2025-07-09,10:15:00,878.7999877929688,893.0,878.7999877929688,887.9500122070312
2025-07-09,10:30:00,888.6500244140625,892.2999877929688,887.4500122070312,888.7000122070312
2025-07-09,10:45:00,890.0,898.2000122070312,887.3499755859375,896.0
2025-07-09,11:00:00,895.2000122070312,895.7000122070312,891.5999755859375,893.1500244140625
2025-07-09,11:15:00,892.1500244140625,892.6500244140625,890.25,891.6500244140625
2025-07-09,11:30:00,891.6500244140625,892.2999877929688,890.6500244140625,891.0
2025-07-09,11:45:00,891.5499877929688,894.0499877929688,886.8499755859375,888.1500244140625
2025-07-09,12:00:00,888.1500244140625,888.9000244140625,885.8499755859375,886.7000122070312
2025-07-09,12:15:00,887.25,887.25,885.5999755859375,885.9500122070312
2025-07-09,12:30:00,886.2999877929688,886.2999877929688,884.5499877929688,884.5499877929688
2025-07-09,12:45:00,883.25,884.1500244140625,880.3499755859375,883.0999755859375
2025-07-09,13:00:00,882.1500244140625,883.25,880.4000244140625,883.25
2025-07-09,13:15:00,882.25,882.9000244140625,882.2000122070312,882.8499755859375
2025-07-09,13:30:00,882.0499877929688,883.0999755859375,880.9000244140625,882.25
2025-07-09,13:45:00,882.2000122070312,891.5999755859375,881.5,889.2000122070312
2025-07-09,14:00:00,888.6500244140625,888.6500244140625,884.4000244140625,884.4000244140625
2025-07-09,14:15:00,884.4000244140625,884.5,878.0499877929688,879.2999877929688
2025-07-09,14:30:00,878.8499755859375,879.0499877929688,877.3499755859375,878.0499877929688
2025-07-09,14:45:00,878.9000244140625,880.2000122070312,877.5499877929688,878.0
2025-07-09,15:00:00,877.9000244140625,883.7999877929688,877.9000244140625,883.5
2025-07-09,15:15:00,883.5,891.4000244140625,877.5,885.5999755859375
2025-07-10,09:15:00,882.0,898.1500244140625,882.0,896.5999755859375
2025-07-10,09:30:00,896.3499755859375,897.0,890.6500244140625,892.25
2025-07-10,09:45:00,892.0499877929688,892.0999755859375,888.9500122070312,889.3499755859375
2025-07-10,10:00:00,888.0,888.0,885.1500244140625,885.1500244140625
2025-07-10,10:15:00,884.0,884.0,881.4000244140625,881.4000244140625
2025-07-10,10:30:00,880.4500122070312,883.0,880.1500244140625,880.7000122070312
2025-07-10,10:45:00,880.7000122070312,880.7000122070312,880.7000122070312,880.7000122070312
2025-07-10,11:00:00,880.7000122070312,880.7000122070312,877.5,880.0
2025-07-10,11:15:00,880.0,880.0,877.4500122070312,877.4500122070312
2025-07-10,11:30:00,877.4500122070312,877.4500122070312,877.4500122070312,877.4500122070312
2025-07-10,11:45:00,878.5,880.2999877929688,878.5,880.2999877929688
2025-07-10,12:00:00,880.5999755859375,880.5999755859375,878.2000122070312,879.5
2025-07-10,12:15:00,880.4500122070312,880.7999877929688,880.4500122070312,880.7999877929688
2025-07-10,12:45:00,882.6500244140625,883.25,882.6500244140625,883.25
2025-07-10,13:00:00,883.25,883.5999755859375,881.8499755859375,883.5999755859375
2025-07-10,13:30:00,882.4000244140625,882.4000244140625,881.0,881.0
2025-07-10,13:45:00,880.5,880.5,880.5,880.5
2025-07-10,14:00:00,879.0999755859375,879.1500244140625,878.0,879.0
2025-07-10,14:15:00,878.0499877929688,878.0499877929688,877.9500122070312,877.9500122070312
2025-07-10,14:45:00,876.0,880.0,876.0,879.25
2025-07-10,15:00:00,877.3499755859375,880.0,875.5499877929688,879.2999877929688
2025-07-10,15:15:00,877.2000122070312,880.0,876.25,877.75
2025-07-11,09:15:00,875.0,891.4500122070312,875.0,887.2000122070312
2025-07-11,09:30:00,889.75,889.75,886.5499877929688,888.1500244140625
2025-07-11,09:45:00,887.4000244140625,887.4000244140625,882.0,882.0
2025-07-11,10:00:00,881.4000244140625,881.4000244140625,880.0,880.7000122070312
2025-07-11,10:15:00,879.5,885.3499755859375,875.25,875.2999877929688
2025-07-11,10:30:00,874.9000244140625,881.4000244140625,874.9000244140625,880.0999755859375
2025-07-11,10:45:00,879.0,884.0,877.3499755859375,878.7999877929688
2025-07-11,11:00:00,879.4500122070312,879.4500122070312,877.9500122070312,878.3499755859375
2025-07-11,11:15:00,880.5999755859375,880.5999755859375,877.4000244140625,877.4000244140625
2025-07-11,11:30:00,877.2000122070312,878.25,877.2000122070312,878.25
2025-07-11,11:45:00,878.9000244140625,889.4500122070312,878.9000244140625,885.0999755859375
2025-07-11,12:00:00,887.7999877929688,888.9500122070312,883.7999877929688,885.0499877929688
2025-07-11,12:15:00,884.4000244140625,887.2999877929688,883.2000122070312,887.2999877929688
2025-07-11,12:30:00,884.5499877929688,886.0,884.2000122070312,886.0
2025-07-11,12:45:00,884.5999755859375,884.5999755859375,884.5999755859375,884.5999755859375
2025-07-11,13:00:00,883.9500122070312,883.9500122070312,882.5499877929688,882.5499877929688
2025-07-11,13:15:00,882.1500244140625,882.1500244140625,882.1500244140625,882.1500244140625
2025-07-11,13:30:00,882.4000244140625,882.4000244140625,880.3499755859375,880.3499755859375
2025-07-11,13:45:00,879.0,879.0,879.0,879.0
2025-07-11,14:00:00,878.1500244140625,880.5499877929688,878.1500244140625,880.5499877929688
2025-07-11,14:15:00,879.9000244140625,879.9000244140625,875.0999755859375,875.0999755859375
2025-07-11,14:30:00,875.1500244140625,875.9000244140625,875.1500244140625,875.9000244140625
2025-07-11,14:45:00,877.0,877.0,876.7999877929688,876.9000244140625
2025-07-11,15:00:00,875.9000244140625,877.75,875.9000244140625,876.1500244140625
2025-07-11,15:15:00,877.0,878.5999755859375,875.1500244140625,876.7000122070312
2025-07-14,09:15:00,876.25,877.2000122070312,868.0499877929688,875.6500244140625
2025-07-14,09:30:00,875.9500122070312,881.4000244140625,875.3499755859375,881.4000244140625
2025-07-14,09:45:00,881.7000122070312,887.9500122070312,881.7000122070312,887.9500122070312
2025-07-14,10:00:00,884.6500244140625,885.7000122070312,878.4500122070312,879.5
2025-07-14,10:15:00,879.5,879.5,878.2000122070312,879.4500122070312
2025-07-14,10:30:00,878.2000122070312,878.2000122070312,877.3499755859375,877.3499755859375
2025-07-14,10:45:00,877.3499755859375,877.3499755859375,876.2999877929688,876.3499755859375
2025-07-14,11:00:00,874.4000244140625,874.4000244140625,873.1500244140625,873.1500244140625
2025-07-14,11:15:00,872.5,874.0,865.7999877929688,866.9000244140625
2025-07-14,11:30:00,867.0,868.4000244140625,862.9000244140625,864.4000244140625
2025-07-14,11:45:00,864.4000244140625,866.2999877929688,864.4000244140625,866.2999877929688
2025-07-14,12:00:00,865.0499877929688,867.9500122070312,865.0499877929688,867.4500122070312
2025-07-14,12:15:00,867.5,867.5,866.5499877929688,866.75
2025-07-14,12:30:00,868.5,868.5,865.0,865.0
2025-07-14,12:45:00,864.4000244140625,865.7000122070312,864.4000244140625,865.7000122070312
2025-07-14,13:00:00,864.4500122070312,865.5499877929688,861.3499755859375,865.5499877929688
2025-07-14,13:15:00,866.0499877929688,866.0499877929688,854.0999755859375,856.5499877929688
2025-07-14,13:30:00,856.0999755859375,860.5,856.0,859.3499755859375
2025-07-14,13:45:00,860.4500122070312,861.25,855.0,857.4000244140625
2025-07-14,14:00:00,857.0,858.0999755859375,855.0999755859375,858.0999755859375
2025-07-14,14:15:00,858.0999755859375,858.0999755859375,856.5499877929688,857.2999877929688
2025-07-14,14:30:00,857.3499755859375,857.3499755859375,856.25,857.2999877929688
2025-07-14,14:45:00,856.2999877929688,860.2000122070312,856.2999877929688,859.1500244140625
2025-07-14,15:00:00,857.75,859.2999877929688,857.5,858.3499755859375
2025-07-14,15:15:00,857.75,859.4000244140625,855.0499877929688,857.0
2025-07-15,09:15:00,856.9500122070312,869.4000244140625,856.9500122070312,864.0
2025-07-15,09:30:00,864.3499755859375,864.4000244140625,863.0,863.6500244140625
2025-07-15,09:45:00,863.8499755859375,865.5499877929688,863.0,864.2999877929688
2025-07-15,10:00:00,864.75,864.75,862.0999755859375,864.25
2025-07-15,10:15:00,862.5999755859375,865.7000122070312,860.0,863.9000244140625
2025-07-15,10:30:00,864.9500122070312,864.9500122070312,863.75,863.75
2025-07-15,10:45:00,863.0499877929688,864.9000244140625,863.0499877929688,864.9000244140625
2025-07-15,11:00:00,864.0,867.0,863.75,867.0
2025-07-15,11:15:00,865.9000244140625,866.3499755859375,865.9000244140625,866.3499755859375
2025-07-15,11:30:00,865.0999755859375,867.0,864.5499877929688,867.0
2025-07-15,11:45:00,865.7000122070312,865.7000122070312,865.7000122070312,865.7000122070312
2025-07-15,12:00:00,864.4000244140625,866.5499877929688,864.4000244140625,866.5499877929688
2025-07-15,12:15:00,865.2999877929688,875.75,865.2999877929688,875.75
2025-07-15,12:30:00,874.8499755859375,875.75,872.2999877929688,874.9500122070312
2025-07-15,12:45:00,875.75,876.4500122070312,874.8499755859375,876.4500122070312
2025-07-15,13:00:00,877.5,886.0,877.5,886.0
2025-07-15,13:15:00,883.7999877929688,886.0,883.25,884.5999755859375
2025-07-15,13:30:00,884.4000244140625,896.2999877929688,883.5,894.75
2025-07-15,13:45:00,894.4000244140625,896.8499755859375,883.0,891.4500122070312
2025-07-15,14:00:00,893.0,899.9500122070312,891.0,897.9500122070312
2025-07-15,14:15:00,897.9500122070312,898.0999755859375,892.6500244140625,894.2999877929688
2025-07-15,14:30:00,894.5499877929688,897.0,890.2000122070312,897.0
2025-07-15,14:45:00,896.0499877929688,899.9500122070312,892.9500122070312,897.0
2025-07-15,15:00:00,897.4500122070312,897.5999755859375,891.25,891.8499755859375
2025-07-15,15:15:00,891.7999877929688,905.0,890.2999877929688,895.8499755859375
2025-07-16,09:15:00,904.2000122070312,924.7000122070312,901.5,909.5
2025-07-16,09:30:00,909.0,936.0,907.9000244140625,933.9500122070312
2025-07-16,09:45:00,934.0,944.0,927.0,942.6500244140625
2025-07-16,10:00:00,943.75,943.9500122070312,930.75,931.1500244140625
2025-07-16,10:15:00,931.2000122070312,947.7999877929688,931.2000122070312,939.0
2025-07-16,10:30:00,939.0,944.9000244140625,934.4000244140625,940.9000244140625
2025-07-16,10:45:00,941.5,943.3499755859375,939.5,940.0999755859375
2025-07-16,11:00:00,941.7999877929688,944.4000244140625,939.6500244140625,944.4000244140625
2025-07-16,11:15:00,941.5,949.25,938.0,947.25
2025-07-16,11:30:00,948.7000122070312,949.9000244140625,940.2999877929688,943.0
2025-07-16,11:45:00,942.0499877929688,944.8499755859375,941.0,941.7000122070312
2025-07-16,12:00:00,941.7000122070312,957.0,941.7000122070312,956.7000122070312
2025-07-16,12:15:00,957.0,976.0,955.0,971.75
2025-07-16,12:30:00,971.0,999.0,969.5,992.2000122070312
2025-07-16,12:45:00,992.0,994.9000244140625,980.4000244140625,984.0
2025-07-16,13:00:00,984.0,1029.0,984.0,1027.25
2025-07-16,13:15:00,1027.25,1075.0,1027.25,1075.0
2025-07-16,13:30:00,1075.0,1075.0,1066.199951171875,1075.0
2025-07-16,13:45:00,1075.0,1075.0,1075.0,1075.0
2025-07-16,14:00:00,1075.0,1075.0,1075.0,1075.0
2025-07-16,14:15:00,1075.0,1075.0,1075.0,1075.0
2025-07-16,14:30:00,1075.0,1075.0,1075.0,1075.0
2025-07-16,14:45:00,1075.0,1075.0,1075.0,1075.0
2025-07-16,15:00:00,1075.0,1075.0,1075.0,1075.0
2025-07-16,15:15:00,1075.0,1075.0,1075.0,1075.0
2025-07-17,09:15:00,1035.4000244140625,1078.449951171875,1027.050048828125,1053.0
2025-07-17,09:30:00,1052.699951171875,1071.449951171875,1050.0,1063.9000244140625
2025-07-17,09:45:00,1063.3499755859375,1065.9000244140625,1057.0,1062.0
2025-07-17,10:00:00,1060.449951171875,1074.5,1059.949951171875,1064.449951171875
2025-07-17,10:15:00,1062.449951171875,1069.8499755859375,1060.699951171875,1067.0
2025-07-17,10:30:00,1067.0,1067.949951171875,1059.9000244140625,1060.699951171875
2025-07-17,10:45:00,1061.3499755859375,1069.449951171875,1059.9000244140625,1059.9000244140625
2025-07-17,11:00:00,1059.9000244140625,1069.0,1056.6500244140625,1068.9000244140625
2025-07-17,11:15:00,1068.0,1089.0,1067.0,1076.4000244140625
2025-07-17,11:30:00,1075.800048828125,1093.0,1075.0,1085.699951171875
2025-07-17,11:45:00,1085.800048828125,1088.699951171875,1072.199951171875,1073.199951171875
2025-07-17,12:00:00,1073.300048828125,1074.9000244140625,1061.550048828125,1071.050048828125
2025-07-17,12:15:00,1073.300048828125,1083.0,1070.6500244140625,1076.449951171875
2025-07-17,12:30:00,1076.449951171875,1095.0,1076.0,1085.3499755859375
2025-07-17,12:45:00,1085.3499755859375,1092.0,1079.550048828125,1081.800048828125
2025-07-17,13:00:00,1082.8499755859375,1090.8499755859375,1080.199951171875,1086.6500244140625
2025-07-17,13:15:00,1086.9000244140625,1086.9000244140625,1062.300048828125,1065.0
2025-07-17,13:30:00,1063.300048828125,1071.0,1062.5,1067.1500244140625
2025-07-17,13:45:00,1067.0,1072.800048828125,1064.949951171875,1067.0
2025-07-17,14:00:00,1067.0,1067.0,1063.699951171875,1065.0
2025-07-17,14:15:00,1065.0,1065.0,1053.050048828125,1059.1500244140625
2025-07-17,14:30:00,1059.1500244140625,1061.0,1055.050048828125,1058.300048828125
2025-07-17,14:45:00,1057.550048828125,1064.300048828125,1056.0,1063.4000244140625
2025-07-17,15:00:00,1064.25,1067.0,1055.050048828125,1063.5
2025-07-17,15:15:00,1064.699951171875,1070.949951171875,1057.3499755859375,1063.949951171875
2025-07-18,09:15:00,1067.050048828125,1075.75,1062.3499755859375,1064.1500244140625
2025-07-18,09:30:00,1064.75,1078.1500244140625,1055.1500244140625,1057.4000244140625
2025-07-18,09:45:00,1058.449951171875,1063.9000244140625,1054.6500244140625,1058.0999755859375
2025-07-18,10:00:00,1058.5,1059.949951171875,1053.0,1056.300048828125
2025-07-18,10:15:00,1053.050048828125,1057.0,1051.199951171875,1057.0
2025-07-18,10:30:00,1057.0,1068.0,1057.0,1059.25
2025-07-18,10:45:00,1058.75,1058.75,1053.25,1054.6500244140625
2025-07-18,11:00:00,1056.25,1057.9000244140625,1052.3499755859375,1052.3499755859375
2025-07-18,11:15:00,1052.4000244140625,1058.0999755859375,1052.4000244140625,1055.3499755859375
2025-07-18,11:30:00,1054.699951171875,1056.4000244140625,1053.300048828125,1056.4000244140625
2025-07-18,11:45:00,1056.5,1056.5,1054.0,1054.0
2025-07-18,12:00:00,1054.949951171875,1067.949951171875,1054.949951171875,1061.0999755859375
2025-07-18,12:15:00,1062.8499755859375,1065.0999755859375,1059.4000244140625,1060.75
2025-07-18,12:30:00,1059.949951171875,1070.0,1058.1500244140625,1068.0
2025-07-18,12:45:00,1071.0,1071.0,1065.6500244140625,1069.1500244140625
2025-07-18,13:00:00,1067.6500244140625,1071.5,1063.5,1063.949951171875
2025-07-18,13:15:00,1063.800048828125,1063.800048828125,1061.0999755859375,1063.800048828125
2025-07-18,13:30:00,1063.800048828125,1070.300048828125,1063.0,1068.699951171875
2025-07-18,13:45:00,1070.0,1070.6500244140625,1066.050048828125,1067.800048828125
2025-07-18,14:00:00,1063.0999755859375,1065.3499755859375,1063.0999755859375,1064.050048828125
2025-07-18,14:15:00,1064.050048828125,1067.6500244140625,1064.0,1065.0
2025-07-18,14:30:00,1065.0,1080.699951171875,1063.050048828125,1076.1500244140625
2025-07-18,14:45:00,1075.949951171875,1095.0,1068.25,1093.0
2025-07-18,15:00:00,1094.550048828125,1098.0,1084.300048828125,1092.1500244140625
2025-07-18,15:15:00,1096.5999755859375,1106.9000244140625,1082.0,1093.0
2025-07-21,09:15:00,1068.5,1079.0,1065.6500244140625,1077.1500244140625
2025-07-21,09:30:00,1077.0999755859375,1078.75,1067.6500244140625,1070.199951171875
2025-07-21,09:45:00,1068.0,1074.800048828125,1067.050048828125,1068.199951171875
2025-07-21,10:00:00,1068.199951171875,1070.0,1066.5,1069.449951171875
2025-07-21,10:15:00,1067.050048828125,1068.4000244140625,1064.4000244140625,1064.4000244140625
2025-07-21,10:30:00,1065.0,1065.0,1060.25,1063.9000244140625
2025-07-21,10:45:00,1063.9000244140625,1070.6500244140625,1060.25,1067.25
2025-07-21,11:00:00,1067.199951171875,1067.199951171875,1064.75,1064.75
2025-07-21,11:15:00,1064.25,1065.800048828125,1061.8499755859375,1065.3499755859375
2025-07-21,11:30:00,1064.0,1071.5,1062.0,1071.300048828125
2025-07-21,11:45:00,1070.1500244140625,1070.449951171875,1068.6500244140625,1069.5999755859375
2025-07-21,12:00:00,1066.25,1075.5999755859375,1066.0999755859375,1075.5999755859375
2025-07-21,12:15:00,1075.5,1075.5,1070.699951171875,1070.699951171875
2025-07-21,12:30:00,1070.550048828125,1072.800048828125,1070.050048828125,1071.25
2025-07-21,12:45:00,1070.0999755859375,1072.449951171875,1070.0999755859375,1071.9000244140625
2025-07-21,13:00:00,1071.550048828125,1071.9000244140625,1066.199951171875,1071.0
2025-07-21,13:15:00,1072.6500244140625,1072.6500244140625,1068.6500244140625,1069.0
2025-07-21,13:30:00,1069.8499755859375,1071.75,1066.300048828125,1070.050048828125
2025-07-21,13:45:00,1070.0,1072.9000244140625,1065.550048828125,1072.5
2025-07-21,14:00:00,1072.550048828125,1073.5,1070.0999755859375,1071.300048828125
2025-07-21,14:15:00,1069.949951171875,1070.050048828125,1067.9000244140625,1070.050048828125
2025-07-21,14:30:00,1070.0999755859375,1070.300048828125,1065.1500244140625,1068.550048828125
2025-07-21,14:45:00,1068.800048828125,1069.5,1067.949951171875,1067.949951171875
2025-07-21,15:00:00,1067.9000244140625,1069.5,1063.3499755859375,1063.3499755859375
2025-07-21,15:15:00,1064.699951171875,1065.800048828125,1054.0,1062.050048828125
2025-07-22,09:15:00,1057.75,1070.5,1056.0999755859375,1058.5999755859375
2025-07-22,09:30:00,1056.25,1064.25,1054.949951171875,1061.4000244140625
2025-07-22,09:45:00,1066.699951171875,1069.1500244140625,1064.6500244140625,1065.949951171875
2025-07-22,10:00:00,1067.5999755859375,1080.0,1067.5999755859375,1078.050048828125
2025-07-22,10:15:00,1077.0,1077.0999755859375,1072.550048828125,1073.550048828125
2025-07-22,10:30:00,1069.0,1069.6500244140625,1065.0,1065.25
2025-07-22,10:45:00,1065.25,1066.4000244140625,1065.25,1066.4000244140625
2025-07-22,11:00:00,1064.75,1064.75,1060.5,1060.5
2025-07-22,11:15:00,1059.949951171875,1069.449951171875,1059.4000244140625,1062.25
2025-07-22,11:30:00,1062.8499755859375,1063.699951171875,1058.050048828125,1059.050048828125
2025-07-22,11:45:00,1056.800048828125,1061.8499755859375,1056.050048828125,1059.949951171875
2025-07-22,12:00:00,1060.0,1060.0,1056.949951171875,1057.8499755859375
2025-07-22,12:15:00,1057.5,1073.0,1055.6500244140625,1072.8499755859375
2025-07-22,12:30:00,1072.050048828125,1088.949951171875,1069.199951171875,1071.4000244140625
2025-07-22,12:45:00,1069.8499755859375,1071.0,1067.4000244140625,1067.5999755859375
2025-07-22,13:00:00,1067.5,1067.5,1059.9000244140625,1059.9000244140625
2025-07-22,13:15:00,1063.1500244140625,1064.0,1061.550048828125,1063.300048828125
2025-07-22,13:30:00,1065.050048828125,1067.300048828125,1063.199951171875,1063.199951171875
2025-07-22,13:45:00,1064.5999755859375,1074.949951171875,1064.5999755859375,1068.0
2025-07-22,14:00:00,1068.949951171875,1069.75,1065.550048828125,1067.449951171875
2025-07-22,14:15:00,1064.75,1067.300048828125,1062.3499755859375,1064.949951171875
2025-07-22,14:30:00,1064.949951171875,1064.949951171875,1061.699951171875,1063.5
2025-07-22,14:45:00,1062.050048828125,1077.199951171875,1061.9000244140625,1075.050048828125
2025-07-22,15:00:00,1074.4000244140625,1076.75,1064.4000244140625,1067.199951171875
2025-07-22,15:15:00,1066.449951171875,1069.699951171875,1061.0,1067.6500244140625
2025-07-23,09:15:00,1078.5,1078.5,1049.0999755859375,1054.75
2025-07-23,09:30:00,1052.050048828125,1059.25,1050.5999755859375,1055.9000244140625
2025-07-23,09:45:00,1052.449951171875,1053.300048828125,1046.300048828125,1048.050048828125
2025-07-23,10:00:00,1047.949951171875,1048.0,1042.050048828125,1044.0
2025-07-23,10:15:00,1043.9000244140625,1055.4000244140625,1040.0,1055.0
2025-07-23,10:30:00,1055.550048828125,1056.5,1048.25,1055.8499755859375
2025-07-23,10:45:00,1056.550048828125,1057.9000244140625,1053.8499755859375,1055.75
2025-07-23,11:00:00,1055.5,1057.0999755859375,1053.1500244140625,1053.1500244140625
2025-07-23,11:15:00,1053.25,1054.6500244140625,1052.75,1053.050048828125
2025-07-23,11:30:00,1054.4000244140625,1054.4000244140625,1047.0,1047.0
2025-07-23,11:45:00,1047.0,1051.949951171875,1047.0,1047.0
2025-07-23,12:00:00,1046.0,1051.1500244140625,1046.0,1048.8499755859375
2025-07-23,12:15:00,1049.25,1052.800048828125,1049.25,1050.9000244140625
2025-07-23,12:30:00,1050.9000244140625,1062.949951171875,1050.9000244140625,1056.25
2025-07-23,12:45:00,1055.050048828125,1056.0999755859375,1053.75,1054.75
2025-07-23,13:00:00,1054.25,1054.75,1053.199951171875,1054.0
2025-07-23,13:15:00,1052.75,1056.75,1051.8499755859375,1056.75
2025-07-23,13:30:00,1055.25,1055.75,1052.1500244140625,1053.1500244140625
2025-07-23,13:45:00,1053.949951171875,1055.949951171875,1051.6500244140625,1053.199951171875
2025-07-23,14:00:00,1052.3499755859375,1053.5999755859375,1051.75,1053.1500244140625
2025-07-23,14:15:00,1052.9000244140625,1056.1500244140625,1051.5999755859375,1054.699951171875
2025-07-23,14:30:00,1052.6500244140625,1057.1500244140625,1052.6500244140625,1057.1500244140625
2025-07-23,14:45:00,1059.800048828125,1063.75,1056.0,1061.550048828125
2025-07-23,15:00:00,1060.050048828125,1066.5,1060.050048828125,1063.550048828125
2025-07-23,15:15:00,1063.75,1073.9000244140625,1063.699951171875,1064.9000244140625
2025-07-24,09:15:00,1074.300048828125,1075.0,1062.75,1070.5
2025-07-24,09:30:00,1072.0,1072.0,1067.050048828125,1070.300048828125
2025-07-24,09:45:00,1070.949951171875,1070.949951171875,1063.1500244140625,1065.800048828125
2025-07-24,10:00:00,1066.3499755859375,1073.699951171875,1066.3499755859375,1070.0
2025-07-24,10:15:00,1067.050048828125,1069.8499755859375,1059.300048828125,1065.0999755859375
2025-07-24,10:30:00,1066.25,1066.699951171875,1065.0,1065.0
2025-07-24,10:45:00,1064.75,1064.75,1058.449951171875,1064.3499755859375
2025-07-24,11:00:00,1063.0,1063.0,1061.0,1062.5999755859375
2025-07-24,11:15:00,1062.1500244140625,1063.5999755859375,1060.5,1063.5999755859375
2025-07-24,11:30:00,1064.1500244140625,1068.6500244140625,1063.0,1068.6500244140625
2025-07-24,11:45:00,1067.5,1074.8499755859375,1066.550048828125,1071.050048828125
2025-07-24,12:00:00,1068.699951171875,1068.699951171875,1064.5999755859375,1066.3499755859375
2025-07-24,12:15:00,1066.3499755859375,1069.199951171875,1064.949951171875,1064.949951171875
2025-07-24,12:30:00,1065.949951171875,1068.550048828125,1065.949951171875,1068.550048828125
2025-07-24,12:45:00,1068.550048828125,1069.050048828125,1067.5,1068.0
2025-07-24,13:00:00,1068.0,1069.3499755859375,1066.0999755859375,1066.0999755859375
2025-07-24,13:15:00,1066.1500244140625,1068.300048828125,1064.449951171875,1065.6500244140625
2025-07-24,13:45:00,1064.75,1066.5,1063.9000244140625,1064.550048828125
2025-07-24,14:00:00,1064.550048828125,1064.949951171875,1063.0,1064.0
2025-07-24,14:15:00,1064.3499755859375,1064.3499755859375,1051.25,1051.25
2025-07-24,14:30:00,1050.5,1057.699951171875,1046.300048828125,1047.0
2025-07-24,14:45:00,1047.0,1050.75,1040.0,1049.5
2025-07-24,15:00:00,1048.300048828125,1051.0,1046.300048828125,1047.800048828125
2025-07-24,15:15:00,1047.8499755859375,1055.0,1040.0,1050.0
2025-07-25,09:15:00,1074.5999755859375,1089.1500244140625,1061.199951171875,1068.550048828125
2025-07-25,09:30:00,1071.0999755859375,1074.800048828125,1048.9000244140625,1048.9000244140625
2025-07-25,09:45:00,1049.050048828125,1062.3499755859375,1048.5,1048.5
2025-07-25,10:00:00,1051.449951171875,1055.050048828125,1050.5999755859375,1051.25
2025-07-25,10:15:00,1050.5,1054.300048828125,1048.300048828125,1051.8499755859375
2025-07-25,10:30:00,1050.5999755859375,1058.050048828125,1049.3499755859375,1058.0
2025-07-25,10:45:00,1059.0,1063.75,1059.0,1061.800048828125
2025-07-25,11:00:00,1063.8499755859375,1065.0,1051.550048828125,1051.550048828125
2025-07-25,11:15:00,1053.3499755859375,1064.0,1053.3499755859375,1059.699951171875
2025-07-25,11:30:00,1061.5,1063.050048828125,1054.4000244140625,1060.0
2025-07-25,11:45:00,1059.3499755859375,1060.300048828125,1055.050048828125,1057.4000244140625
2025-07-25,12:00:00,1059.0,1064.1500244140625,1059.0,1063.199951171875
2025-07-25,12:15:00,1061.800048828125,1063.1500244140625,1056.8499755859375,1056.8499755859375
2025-07-25,12:30:00,1056.4000244140625,1060.5,1056.4000244140625,1058.0
2025-07-25,12:45:00,1056.6500244140625,1056.6500244140625,1049.4000244140625,1050.0
2025-07-25,13:00:00,1049.1500244140625,1051.050048828125,1045.6500244140625,1046.5
2025-07-25,13:15:00,1046.050048828125,1052.550048828125,1046.050048828125,1048.6500244140625
2025-07-25,13:30:00,1048.6500244140625,1048.6500244140625,1043.300048828125,1045.949951171875
2025-07-25,13:45:00,1047.550048828125,1055.0,1047.199951171875,1051.050048828125
2025-07-25,14:00:00,1051.050048828125,1051.050048828125,1044.5,1048.300048828125
2025-07-25,14:15:00,1051.050048828125,1055.0,1048.25,1049.8499755859375
2025-07-25,14:30:00,1050.3499755859375,1075.949951171875,1050.3499755859375,1061.300048828125
2025-07-25,14:45:00,1063.3499755859375,1063.3499755859375,1059.0,1061.4000244140625
2025-07-25,15:00:00,1061.4000244140625,1069.0,1053.300048828125,1059.0
2025-07-25,15:15:00,1057.949951171875,1060.0,1050.0,1056.8499755859375
