Date,Time,Open,High,Low,Close
2025-05-16,09:15:00,210.1999969482422,213.27999877929688,209.5500030517578,213.10000610351562
2025-05-16,09:30:00,213.05999755859375,214.2899932861328,212.10000610351562,213.49000549316406
2025-05-16,09:45:00,213.41000366210938,213.5500030517578,211.83999633789062,211.92999267578125
2025-05-16,10:00:00,211.8699951171875,212.89999389648438,211.8000030517578,211.86000061035156
2025-05-16,10:15:00,212.0,213.99000549316406,211.97000122070312,213.0399932861328
2025-05-16,10:30:00,213.14999389648438,214.1199951171875,213.02999877929688,213.94000244140625
2025-05-16,10:45:00,213.92999267578125,214.6199951171875,213.35000610351562,214.50999450683594
2025-05-16,11:00:00,214.52000427246094,214.89999389648438,212.7100067138672,212.85000610351562
2025-05-16,11:15:00,212.77999877929688,213.75,212.6999969482422,213.61000061035156
2025-05-16,11:30:00,213.60000610351562,213.6999969482422,212.7100067138672,212.77000427246094
2025-05-16,11:45:00,212.77999877929688,212.9600067138672,212.5500030517578,212.60000610351562
2025-05-16,12:00:00,212.60000610351562,212.80999755859375,212.19000244140625,212.25
2025-05-16,12:15:00,212.17999267578125,212.85000610351562,212.14999389648438,212.61000061035156
2025-05-16,12:30:00,212.61000061035156,213.1199951171875,212.35000610351562,212.9199981689453
2025-05-16,12:45:00,213.0,213.13999938964844,212.10000610351562,212.5399932861328
2025-05-16,13:00:00,212.5399932861328,214.08999633789062,212.4600067138672,214.0500030517578
2025-05-16,13:15:00,214.05999755859375,214.77999877929688,213.82000732421875,214.05999755859375
2025-05-16,13:30:00,214.05999755859375,214.05999755859375,213.85000610351562,213.9199981689453
2025-05-16,13:45:00,213.97999572753906,214.16000366210938,213.60000610351562,213.6699981689453
2025-05-16,14:00:00,213.58999633789062,213.60000610351562,212.9499969482422,213.0500030517578
2025-05-16,14:15:00,212.97999572753906,213.0,212.52000427246094,212.52000427246094
2025-05-16,14:30:00,212.50999450683594,212.60000610351562,212.1199951171875,212.41000366210938
2025-05-16,14:45:00,212.41000366210938,212.69000244140625,212.39999389648438,212.55999755859375
2025-05-16,15:00:00,212.63999938964844,213.0399932861328,212.55999755859375,212.8300018310547
2025-05-16,15:15:00,212.8000030517578,212.99000549316406,212.1199951171875,212.3800048828125
2025-05-19,09:15:00,213.47999572753906,214.60000610351562,213.05999755859375,214.2899932861328
2025-05-19,09:30:00,214.25,214.61000061035156,212.2100067138672,212.7100067138672
2025-05-19,09:45:00,212.7100067138672,214.88999938964844,212.52000427246094,214.75
2025-05-19,10:00:00,214.77999877929688,216.3699951171875,214.52999877929688,215.5500030517578
2025-05-19,10:15:00,215.72000122070312,216.4600067138672,215.4199981689453,215.8000030517578
2025-05-19,10:30:00,215.85000610351562,215.88999938964844,215.3000030517578,215.41000366210938
2025-05-19,10:45:00,215.36000061035156,215.5,214.8000030517578,215.1699981689453
2025-05-19,11:00:00,215.10000610351562,215.2100067138672,214.1199951171875,214.16000366210938
2025-05-19,11:15:00,214.1999969482422,214.5399932861328,214.0399932861328,214.17999267578125
2025-05-19,11:30:00,214.08999633789062,214.6999969482422,214.02999877929688,214.22000122070312
2025-05-19,11:45:00,214.1199951171875,214.57000732421875,214.00999450683594,214.11000061035156
2025-05-19,12:00:00,214.0,214.5,214.0,214.25999450683594
2025-05-19,12:15:00,214.25999450683594,214.2899932861328,213.7100067138672,214.0500030517578
2025-05-19,12:30:00,214.02999877929688,214.35000610351562,213.92999267578125,214.27000427246094
2025-05-19,12:45:00,214.2899932861328,214.75,214.10000610351562,214.5500030517578
2025-05-19,13:00:00,214.42999267578125,214.64999389648438,213.99000549316406,214.10000610351562
2025-05-19,13:15:00,214.02999877929688,214.52000427246094,213.60000610351562,213.86000061035156
2025-05-19,13:30:00,214.0,214.08999633789062,213.32000732421875,213.55999755859375
2025-05-19,13:45:00,213.58999633789062,213.75999450683594,213.1999969482422,213.27000427246094
2025-05-19,14:00:00,213.22999572753906,213.22999572753906,211.91000366210938,212.16000366210938
2025-05-19,14:15:00,212.16000366210938,213.0,212.07000732421875,212.2899932861328
2025-05-19,14:30:00,212.2899932861328,213.07000732421875,212.19000244140625,212.30999755859375
2025-05-19,14:45:00,212.30999755859375,212.36000061035156,211.25,211.44000244140625
2025-05-19,15:00:00,211.44000244140625,212.08999633789062,211.44000244140625,212.02000427246094
2025-05-19,15:15:00,212.0,212.39999389648438,211.5,211.60000610351562
2025-05-20,09:15:00,213.33999633789062,213.3699951171875,210.74000549316406,210.77999877929688
2025-05-20,09:30:00,210.64999389648438,212.55999755859375,209.92999267578125,211.6699981689453
2025-05-20,09:45:00,211.64999389648438,211.89999389648438,210.25,211.58999633789062
2025-05-20,10:00:00,211.5800018310547,211.5800018310547,209.7100067138672,210.0500030517578
2025-05-20,10:15:00,210.0500030517578,211.00999450683594,209.50999450683594,210.8300018310547
2025-05-20,10:30:00,210.8300018310547,211.5,210.5,211.5
2025-05-20,10:45:00,211.36000061035156,213.05999755859375,211.36000061035156,212.1699981689453
2025-05-20,11:00:00,212.3800048828125,212.3800048828125,211.60000610351562,211.75
2025-05-20,11:15:00,211.72999572753906,211.8000030517578,211.3699951171875,211.5399932861328
2025-05-20,11:30:00,211.55999755859375,211.6699981689453,211.3000030517578,211.52000427246094
2025-05-20,11:45:00,211.60000610351562,212.39999389648438,211.3000030517578,212.32000732421875
2025-05-20,12:00:00,212.32000732421875,212.99000549316406,212.25,212.3699951171875
2025-05-20,12:15:00,212.2899932861328,212.7899932861328,211.85000610351562,211.85000610351562
2025-05-20,12:30:00,211.89999389648438,212.25,210.8000030517578,210.88999938964844
2025-05-20,12:45:00,210.99000549316406,211.07000732421875,209.17999267578125,209.27999877929688
2025-05-20,13:00:00,209.3000030517578,209.99000549316406,209.1999969482422,209.7899932861328
2025-05-20,13:15:00,209.8699951171875,210.8300018310547,209.6999969482422,210.72999572753906
2025-05-20,13:30:00,210.72999572753906,211.94000244140625,210.0,210.0
2025-05-20,13:45:00,210.0,210.38999938964844,209.5500030517578,209.5500030517578
2025-05-20,14:00:00,209.5,209.5800018310547,208.00999450683594,208.1999969482422
2025-05-20,14:15:00,208.07000732421875,209.55999755859375,207.6999969482422,207.8699951171875
2025-05-20,14:30:00,208.10000610351562,208.8800048828125,207.75,208.0
2025-05-20,14:45:00,208.05999755859375,210.02000427246094,208.05999755859375,208.4499969482422
2025-05-20,15:00:00,208.35000610351562,208.75,207.97999572753906,208.4499969482422
2025-05-20,15:15:00,208.39999389648438,208.75,207.5,208.1999969482422
2025-05-21,09:15:00,208.24000549316406,209.22999572753906,206.60000610351562,208.16000366210938
2025-05-21,09:30:00,208.00999450683594,208.8000030517578,207.27000427246094,208.10000610351562
2025-05-21,09:45:00,207.97999572753906,209.88999938964844,207.97999572753906,209.02000427246094
2025-05-21,10:00:00,208.86000061035156,209.1999969482422,208.60000610351562,208.85000610351562
2025-05-21,10:15:00,208.9499969482422,209.77000427246094,208.9499969482422,209.27999877929688
2025-05-21,10:30:00,209.3800048828125,209.38999938964844,208.89999389648438,208.89999389648438
2025-05-21,10:45:00,208.89999389648438,209.60000610351562,208.8000030517578,209.52000427246094
2025-05-21,11:00:00,209.52000427246094,209.99000549316406,209.25,209.80999755859375
2025-05-21,11:15:00,209.75,210.30999755859375,209.72000122070312,210.00999450683594
2025-05-21,11:30:00,210.00999450683594,210.19000244140625,209.38999938964844,209.41000366210938
2025-05-21,11:45:00,209.41000366210938,209.4199981689453,209.0,209.0399932861328
2025-05-21,12:00:00,209.02999877929688,209.0399932861328,207.19000244140625,207.42999267578125
2025-05-21,12:15:00,207.4499969482422,207.85000610351562,206.88999938964844,207.8000030517578
2025-05-21,12:30:00,207.77000427246094,208.33999633789062,207.66000366210938,207.66000366210938
2025-05-21,12:45:00,207.6699981689453,207.75,207.27999877929688,207.60000610351562
2025-05-21,13:00:00,207.6699981689453,207.77999877929688,207.05999755859375,207.58999633789062
2025-05-21,13:15:00,207.58999633789062,207.8800048828125,207.5,207.6999969482422
2025-05-21,13:30:00,207.64999389648438,207.8000030517578,207.3000030517578,207.33999633789062
2025-05-21,13:45:00,207.33999633789062,207.63999938964844,207.10000610351562,207.3699951171875
2025-05-21,14:00:00,207.3699951171875,207.5399932861328,207.1199951171875,207.5399932861328
2025-05-21,14:15:00,207.5,207.5,206.50999450683594,207.11000061035156
2025-05-21,14:30:00,207.1199951171875,207.17999267578125,206.64999389648438,206.91000366210938
2025-05-21,14:45:00,206.9199981689453,207.89999389648438,206.64999389648438,207.82000732421875
2025-05-21,15:00:00,207.60000610351562,208.2100067138672,207.14999389648438,208.00999450683594
2025-05-21,15:15:00,208.07000732421875,208.2899932861328,207.47000122070312,207.83999633789062
2025-05-22,09:15:00,207.4499969482422,209.6999969482422,207.05999755859375,208.9600067138672
2025-05-22,09:30:00,208.92999267578125,208.92999267578125,208.0,208.50999450683594
2025-05-22,09:45:00,208.61000061035156,208.6199951171875,208.07000732421875,208.39999389648438
2025-05-22,10:00:00,208.33999633789062,208.5399932861328,207.6199951171875,208.5
2025-05-22,10:15:00,208.5,208.75,208.5,208.55999755859375
2025-05-22,10:30:00,208.52000427246094,208.7899932861328,208.5,208.58999633789062
2025-05-22,10:45:00,208.57000732421875,209.3699951171875,208.5,209.02000427246094
2025-05-22,11:00:00,209.02999877929688,209.14999389648438,208.58999633789062,208.6699981689453
2025-05-22,11:15:00,208.69000244140625,208.6999969482422,208.5,208.5399932861328
2025-05-22,11:30:00,208.5399932861328,208.69000244140625,208.4499969482422,208.69000244140625
2025-05-22,11:45:00,208.6300048828125,209.0,208.5,208.50999450683594
2025-05-22,12:00:00,208.50999450683594,208.5399932861328,208.5,208.5
2025-05-22,12:15:00,208.5,208.60000610351562,208.5,208.55999755859375
2025-05-22,12:30:00,208.55999755859375,208.55999755859375,207.88999938964844,207.97000122070312
2025-05-22,12:45:00,207.97999572753906,208.0,207.5,207.64999389648438
2025-05-22,13:00:00,207.64999389648438,207.89999389648438,207.60000610351562,207.88999938964844
2025-05-22,13:15:00,207.88999938964844,207.91000366210938,207.64999389648438,207.64999389648438
2025-05-22,13:30:00,207.64999389648438,207.8000030517578,207.60000610351562,207.61000061035156
2025-05-22,13:45:00,207.64999389648438,207.75,207.60000610351562,207.63999938964844
2025-05-22,14:00:00,207.6199951171875,207.74000549316406,207.60000610351562,207.72999572753906
2025-05-22,14:15:00,207.72999572753906,207.72999572753906,206.3800048828125,206.60000610351562
2025-05-22,14:30:00,206.60000610351562,207.44000244140625,205.75,207.0
2025-05-22,14:45:00,207.0800018310547,208.33999633789062,207.0,208.14999389648438
2025-05-22,15:00:00,208.19000244140625,208.5399932861328,207.6999969482422,208.3000030517578
2025-05-22,15:15:00,208.3300018310547,208.5,207.17999267578125,207.88999938964844
2025-05-23,09:15:00,208.5,208.6999969482422,208.02999877929688,208.2899932861328
2025-05-23,09:30:00,208.24000549316406,208.67999267578125,208.1999969482422,208.36000061035156
2025-05-23,09:45:00,208.36000061035156,208.36000061035156,207.1300048828125,207.99000549316406
2025-05-23,10:00:00,208.14999389648438,208.67999267578125,207.6999969482422,208.30999755859375
2025-05-23,10:15:00,208.36000061035156,208.63999938964844,208.3300018310547,208.5
2025-05-23,10:30:00,208.5,209.2899932861328,208.5,209.17999267578125
2025-05-23,10:45:00,209.10000610351562,209.67999267578125,209.10000610351562,209.5
2025-05-23,11:00:00,209.5,209.88999938964844,209.2899932861328,209.3800048828125
2025-05-23,11:15:00,209.3800048828125,209.47000122070312,208.8699951171875,209.47000122070312
2025-05-23,11:30:00,209.47000122070312,211.19000244140625,209.16000366210938,210.82000732421875
2025-05-23,11:45:00,210.8300018310547,211.6999969482422,210.6999969482422,210.89999389648438
2025-05-23,12:00:00,210.89999389648438,211.05999755859375,210.5500030517578,210.75
2025-05-23,12:15:00,210.72000122070312,210.89999389648438,210.5500030517578,210.60000610351562
2025-05-23,12:30:00,210.52999877929688,210.64999389648438,209.7100067138672,209.83999633789062
2025-05-23,12:45:00,209.80999755859375,210.0,209.80999755859375,209.86000061035156
2025-05-23,13:00:00,209.8699951171875,209.9199981689453,209.4499969482422,209.69000244140625
2025-05-23,13:15:00,209.64999389648438,210.0,209.58999633789062,209.75
2025-05-23,13:30:00,209.72000122070312,209.8000030517578,209.4600067138672,209.63999938964844
2025-05-23,13:45:00,209.6300048828125,209.8800048828125,209.5500030517578,209.8000030517578
2025-05-23,14:00:00,209.75,209.89999389648438,209.6300048828125,209.85000610351562
2025-05-23,14:15:00,209.80999755859375,210.27000427246094,209.75999450683594,210.10000610351562
2025-05-23,14:30:00,210.10000610351562,210.6999969482422,209.89999389648438,210.14999389648438
2025-05-23,14:45:00,210.14999389648438,210.35000610351562,209.9199981689453,210.17999267578125
2025-05-23,15:00:00,210.05999755859375,210.42999267578125,209.5,210.27999877929688
2025-05-23,15:15:00,210.27000427246094,210.5,208.39999389648438,208.5
2025-05-26,09:15:00,209.5399932861328,211.22999572753906,209.5399932861328,210.5
2025-05-26,09:30:00,210.49000549316406,210.6699981689453,209.97000122070312,209.97000122070312
2025-05-26,09:45:00,209.97999572753906,210.11000061035156,209.74000549316406,209.75999450683594
2025-05-26,10:00:00,209.75999450683594,209.9199981689453,208.9199981689453,209.4600067138672
2025-05-26,10:15:00,209.35000610351562,209.39999389648438,207.0,207.39999389648438
2025-05-26,10:30:00,207.4499969482422,207.4499969482422,205.5,206.25
2025-05-26,10:45:00,206.24000549316406,208.0,206.1300048828125,207.74000549316406
2025-05-26,11:00:00,207.8000030517578,207.9199981689453,206.94000244140625,207.24000549316406
2025-05-26,11:15:00,207.14999389648438,207.6199951171875,206.67999267578125,206.8000030517578
2025-05-26,11:30:00,206.77999877929688,207.0,206.5500030517578,206.80999755859375
2025-05-26,11:45:00,206.85000610351562,207.0,206.6199951171875,206.75999450683594
2025-05-26,12:00:00,206.72000122070312,207.0,206.60000610351562,206.82000732421875
2025-05-26,12:15:00,206.7899932861328,206.99000549316406,206.41000366210938,206.61000061035156
2025-05-26,12:30:00,206.60000610351562,206.6999969482422,206.0,206.14999389648438
2025-05-26,12:45:00,206.14999389648438,206.5,206.0,206.3300018310547
2025-05-26,13:00:00,206.3300018310547,206.60000610351562,206.0,206.05999755859375
2025-05-26,13:15:00,206.02999877929688,206.38999938964844,205.6999969482422,206.02000427246094
2025-05-26,13:30:00,206.02999877929688,206.27000427246094,206.0,206.13999938964844
2025-05-26,13:45:00,206.13999938964844,206.13999938964844,205.77999877929688,205.88999938964844
2025-05-26,14:00:00,206.0,206.0,205.52000427246094,205.8000030517578
2025-05-26,14:15:00,205.8300018310547,206.74000549316406,205.3800048828125,206.13999938964844
2025-05-26,14:30:00,206.16000366210938,206.16000366210938,205.3800048828125,205.60000610351562
2025-05-26,14:45:00,205.3800048828125,205.47000122070312,204.58999633789062,204.92999267578125
2025-05-26,15:00:00,204.9199981689453,205.24000549316406,204.80999755859375,204.89999389648438
2025-05-26,15:15:00,204.8800048828125,204.9499969482422,203.89999389648438,204.6199951171875
2025-05-27,09:15:00,205.39999389648438,206.0,205.1699981689453,205.75
2025-05-27,09:30:00,205.75,205.85000610351562,205.41000366210938,205.57000732421875
2025-05-27,09:45:00,205.57000732421875,205.60000610351562,204.05999755859375,204.05999755859375
2025-05-27,10:00:00,204.17999267578125,207.77999877929688,204.1199951171875,207.77999877929688
2025-05-27,10:15:00,207.6999969482422,207.6999969482422,205.4499969482422,206.1999969482422
2025-05-27,10:30:00,206.08999633789062,209.89999389648438,206.0,209.5
2025-05-27,10:45:00,209.4199981689453,209.89999389648438,209.0,209.77000427246094
2025-05-27,11:00:00,209.83999633789062,211.63999938964844,209.32000732421875,211.63999938964844
2025-05-27,11:15:00,211.72999572753906,211.89999389648438,209.8000030517578,210.3000030517578
2025-05-27,11:30:00,210.3000030517578,210.3000030517578,209.64999389648438,209.9600067138672
2025-05-27,11:45:00,209.92999267578125,210.0,209.77000427246094,209.92999267578125
2025-05-27,12:00:00,210.0,210.47000122070312,209.8000030517578,210.0
2025-05-27,12:15:00,209.89999389648438,210.27999877929688,209.5,209.89999389648438
2025-05-27,12:30:00,209.89999389648438,209.92999267578125,209.5,209.60000610351562
2025-05-27,12:45:00,209.52000427246094,210.60000610351562,209.35000610351562,210.5500030517578
2025-05-27,13:00:00,210.60000610351562,211.25,210.47999572753906,211.22999572753906
2025-05-27,13:15:00,211.13999938964844,211.3000030517578,210.8000030517578,210.89999389648438
2025-05-27,13:30:00,211.0,211.11000061035156,210.8000030517578,211.10000610351562
2025-05-27,13:45:00,211.14999389648438,211.3000030517578,210.3000030517578,210.52999877929688
2025-05-27,14:00:00,210.5,210.9199981689453,210.39999389648438,210.85000610351562
2025-05-27,14:15:00,210.88999938964844,210.91000366210938,210.22000122070312,210.3300018310547
2025-05-27,14:30:00,210.3000030517578,210.5,209.3000030517578,209.58999633789062
2025-05-27,14:45:00,209.5,210.3800048828125,209.41000366210938,210.2899932861328
2025-05-27,15:00:00,210.27999877929688,210.75,210.25,210.6999969482422
2025-05-27,15:15:00,210.75,211.64999389648438,210.61000061035156,210.94000244140625
2025-05-28,09:15:00,211.13999938964844,214.22999572753906,210.99000549316406,212.89999389648438
2025-05-28,09:30:00,212.89999389648438,213.5,212.75,213.1199951171875
2025-05-28,09:45:00,213.14999389648438,214.0500030517578,212.1999969482422,212.1999969482422
2025-05-28,10:00:00,212.25,212.35000610351562,211.75,212.0
2025-05-28,10:15:00,212.0,212.0,210.30999755859375,210.7100067138672
2025-05-28,10:30:00,210.6300048828125,210.64999389648438,209.99000549316406,210.35000610351562
2025-05-28,10:45:00,210.35000610351562,210.99000549316406,210.07000732421875,210.7899932861328
2025-05-28,11:00:00,210.77000427246094,211.0,210.67999267578125,210.82000732421875
2025-05-28,11:15:00,210.89999389648438,211.0,209.6999969482422,209.88999938964844
2025-05-28,11:30:00,209.8699951171875,209.99000549316406,209.25,209.3300018310547
2025-05-28,11:45:00,209.4499969482422,209.47000122070312,207.3000030517578,207.4499969482422
2025-05-28,12:00:00,207.49000549316406,207.6300048828125,206.55999755859375,206.7899932861328
2025-05-28,12:15:00,206.72000122070312,206.8800048828125,206.0,206.83999633789062
2025-05-28,12:30:00,206.83999633789062,208.0,206.75999450683594,207.89999389648438
2025-05-28,12:45:00,207.92999267578125,211.35000610351562,207.89999389648438,209.77999877929688
2025-05-28,13:00:00,209.77000427246094,209.8300018310547,208.89999389648438,209.3000030517578
2025-05-28,13:15:00,209.1999969482422,209.3000030517578,208.74000549316406,209.0500030517578
2025-05-28,13:30:00,209.0500030517578,209.5,209.0,209.5
2025-05-28,13:45:00,209.5,209.5,208.8000030517578,208.91000366210938
2025-05-28,14:00:00,208.97000122070312,209.0,207.85000610351562,208.0
2025-05-28,14:15:00,207.99000549316406,209.0,207.8699951171875,208.0500030517578
2025-05-28,14:30:00,208.0,208.0500030517578,207.0,208.0
2025-05-28,14:45:00,207.99000549316406,208.5,207.5,207.74000549316406
2025-05-28,15:00:00,207.61000061035156,208.5,207.61000061035156,207.72999572753906
2025-05-28,15:15:00,207.66000366210938,207.99000549316406,206.86000061035156,207.49000549316406
2025-05-29,09:15:00,209.35000610351562,211.89999389648438,208.97999572753906,209.89999389648438
2025-05-29,09:30:00,209.88999938964844,210.39999389648438,207.89999389648438,208.39999389648438
2025-05-29,09:45:00,208.39999389648438,209.0,207.16000366210938,208.8000030517578
2025-05-29,10:00:00,208.80999755859375,209.0,208.02000427246094,208.61000061035156
2025-05-29,10:15:00,208.6999969482422,212.11000061035156,208.0,211.99000549316406
2025-05-29,10:30:00,211.9499969482422,212.1999969482422,211.00999450683594,211.4499969482422
2025-05-29,10:45:00,211.47999572753906,213.5,211.4499969482422,212.75
2025-05-29,11:00:00,212.6999969482422,213.24000549316406,212.55999755859375,213.10000610351562
2025-05-29,11:15:00,213.0500030517578,214.05999755859375,213.02000427246094,213.1999969482422
2025-05-29,11:30:00,213.24000549316406,214.10000610351562,212.77999877929688,214.0800018310547
2025-05-29,11:45:00,214.13999938964844,214.13999938964844,212.75,212.82000732421875
2025-05-29,12:00:00,212.77000427246094,212.83999633789062,211.9199981689453,212.00999450683594
2025-05-29,12:15:00,212.02000427246094,213.1999969482422,211.89999389648438,213.19000244140625
2025-05-29,12:30:00,213.19000244140625,213.7899932861328,212.99000549316406,213.52000427246094
2025-05-29,12:45:00,213.27999877929688,213.55999755859375,212.64999389648438,213.5500030517578
2025-05-29,13:00:00,213.44000244140625,214.0500030517578,213.39999389648438,213.8800048828125
2025-05-29,13:15:00,213.88999938964844,214.67999267578125,213.6999969482422,214.42999267578125
2025-05-29,13:30:00,214.41000366210938,215.91000366210938,214.41000366210938,215.8300018310547
2025-05-29,13:45:00,215.8300018310547,215.8300018310547,214.82000732421875,215.1199951171875
2025-05-29,14:00:00,215.08999633789062,215.1300048828125,214.60000610351562,214.6300048828125
2025-05-29,14:15:00,214.69000244140625,214.88999938964844,214.32000732421875,214.5
2025-05-29,14:30:00,214.60000610351562,214.88999938964844,214.41000366210938,214.63999938964844
2025-05-29,14:45:00,214.74000549316406,214.83999633789062,214.5,214.5399932861328
2025-05-29,15:00:00,214.50999450683594,215.9499969482422,214.4600067138672,215.75
2025-05-29,15:15:00,215.8000030517578,217.0,215.67999267578125,216.99000549316406
2025-05-30,09:15:00,216.39999389648438,217.36000061035156,214.74000549316406,215.39999389648438
2025-05-30,09:30:00,215.39999389648438,215.5800018310547,214.1199951171875,214.58999633789062
2025-05-30,09:45:00,214.57000732421875,214.58999633789062,213.5,213.75
2025-05-30,10:00:00,213.74000549316406,213.9499969482422,212.75,213.00999450683594
2025-05-30,10:15:00,213.1199951171875,213.16000366210938,211.32000732421875,211.8000030517578
2025-05-30,10:30:00,211.9199981689453,211.94000244140625,210.47999572753906,211.2899932861328
2025-05-30,10:45:00,211.36000061035156,212.0,211.0,211.6300048828125
2025-05-30,11:00:00,211.64999389648438,211.89999389648438,211.41000366210938,211.7899932861328
2025-05-30,11:15:00,211.7899932861328,211.94000244140625,211.6199951171875,211.8000030517578
2025-05-30,11:30:00,211.75,211.89999389648438,211.64999389648438,211.80999755859375
2025-05-30,11:45:00,211.82000732421875,212.00999450683594,210.75999450683594,211.4600067138672
2025-05-30,12:00:00,211.77999877929688,211.89999389648438,211.57000732421875,211.8800048828125
2025-05-30,12:15:00,211.8699951171875,213.2100067138672,211.8699951171875,212.74000549316406
2025-05-30,12:30:00,212.66000366210938,213.0,212.33999633789062,212.6300048828125
2025-05-30,12:45:00,212.55999755859375,213.57000732421875,212.41000366210938,213.39999389648438
2025-05-30,13:00:00,213.39999389648438,214.25999450683594,213.02999877929688,214.25999450683594
2025-05-30,13:15:00,214.5,215.25,214.3000030517578,215.22000122070312
2025-05-30,13:30:00,215.25,215.61000061035156,214.7100067138672,214.75
2025-05-30,13:45:00,214.6999969482422,214.89999389648438,213.4199981689453,213.49000549316406
2025-05-30,14:00:00,213.39999389648438,213.6999969482422,212.8000030517578,213.14999389648438
2025-05-30,14:15:00,213.0500030517578,213.6300048828125,212.8300018310547,213.52999877929688
2025-05-30,14:30:00,213.52999877929688,214.10000610351562,213.3699951171875,213.47999572753906
2025-05-30,14:45:00,213.47000122070312,213.83999633789062,213.0800018310547,213.5800018310547
2025-05-30,15:00:00,213.5800018310547,213.85000610351562,212.99000549316406,213.39999389648438
2025-05-30,15:15:00,213.3800048828125,213.42999267578125,212.64999389648438,213.19000244140625
2025-06-02,09:15:00,213.49000549316406,213.5500030517578,210.91000366210938,212.27999877929688
2025-06-02,09:30:00,212.44000244140625,213.3800048828125,211.67999267578125,213.3800048828125
2025-06-02,09:45:00,213.5,214.17999267578125,212.10000610351562,212.1699981689453
2025-06-02,10:00:00,212.3000030517578,213.60000610351562,212.1999969482422,213.10000610351562
2025-06-02,10:15:00,213.0,213.14999389648438,212.52999877929688,213.07000732421875
2025-06-02,10:30:00,213.10000610351562,213.42999267578125,211.6999969482422,212.02000427246094
2025-06-02,10:45:00,212.10000610351562,212.75,211.64999389648438,212.0
2025-06-02,11:00:00,212.0,212.1999969482422,211.6999969482422,212.0
2025-06-02,11:15:00,212.0,212.0,211.4600067138672,211.6699981689453
2025-06-02,11:30:00,211.6699981689453,211.86000061035156,211.00999450683594,211.8000030517578
2025-06-02,11:45:00,211.8000030517578,212.49000549316406,211.67999267578125,212.30999755859375
2025-06-02,12:00:00,212.30999755859375,212.5500030517578,212.0,212.1999969482422
2025-06-02,12:15:00,212.1999969482422,212.49000549316406,212.0,212.38999938964844
2025-06-02,12:30:00,212.38999938964844,212.7899932861328,212.3000030517578,212.7899932861328
2025-06-02,12:45:00,212.7899932861328,213.13999938964844,212.30999755859375,212.5500030517578
2025-06-02,13:00:00,212.5500030517578,213.0800018310547,212.5500030517578,212.89999389648438
2025-06-02,13:15:00,212.89999389648438,213.0800018310547,212.8000030517578,213.02000427246094
2025-06-02,13:30:00,212.9600067138672,213.1999969482422,212.72000122070312,213.16000366210938
2025-06-02,13:45:00,213.1699981689453,214.5,212.97999572753906,212.97999572753906
2025-06-02,14:00:00,212.97999572753906,213.7100067138672,212.89999389648438,213.38999938964844
2025-06-02,14:15:00,213.38999938964844,213.38999938964844,213.0,213.1999969482422
2025-06-02,14:30:00,213.16000366210938,213.6999969482422,213.10000610351562,213.42999267578125
2025-06-02,14:45:00,213.49000549316406,213.8800048828125,213.39999389648438,213.83999633789062
2025-06-02,15:00:00,213.83999633789062,214.3699951171875,213.6199951171875,214.0
2025-06-02,15:15:00,213.9199981689453,214.1300048828125,213.41000366210938,213.86000061035156
2025-06-03,09:15:00,214.7899932861328,215.4499969482422,212.8000030517578,213.39999389648438
2025-06-03,09:30:00,213.24000549316406,213.2899932861328,212.22999572753906,212.9199981689453
2025-06-03,09:45:00,212.9600067138672,212.99000549316406,211.85000610351562,212.9600067138672
2025-06-03,10:00:00,212.89999389648438,213.75,212.89999389648438,213.19000244140625
2025-06-03,10:15:00,213.19000244140625,213.83999633789062,213.07000732421875,213.58999633789062
2025-06-03,10:30:00,213.66000366210938,215.1699981689453,213.64999389648438,214.86000061035156
2025-06-03,10:45:00,214.9499969482422,215.25,214.5,214.99000549316406
2025-06-03,11:00:00,214.99000549316406,215.0,213.85000610351562,213.85000610351562
2025-06-03,11:15:00,213.89999389648438,213.89999389648438,212.52000427246094,212.72000122070312
2025-06-03,11:30:00,212.89999389648438,213.27000427246094,212.0800018310547,213.25
2025-06-03,11:45:00,213.27000427246094,213.60000610351562,212.9600067138672,213.52999877929688
2025-06-03,12:00:00,213.4499969482422,213.5,213.0399932861328,213.1300048828125
2025-06-03,12:15:00,213.1999969482422,213.1999969482422,211.75,212.39999389648438
2025-06-03,12:30:00,212.4499969482422,213.1999969482422,212.35000610351562,213.1999969482422
2025-06-03,12:45:00,213.16000366210938,213.32000732421875,210.8699951171875,211.17999267578125
2025-06-03,13:00:00,211.16000366210938,211.92999267578125,210.86000061035156,211.8300018310547
2025-06-03,13:15:00,211.8300018310547,212.1300048828125,211.38999938964844,212.07000732421875
2025-06-03,13:30:00,212.0800018310547,212.7899932861328,212.0800018310547,212.47000122070312
2025-06-03,13:45:00,212.47000122070312,212.83999633789062,210.9499969482422,211.5800018310547
2025-06-03,14:00:00,211.64999389648438,212.02000427246094,211.5500030517578,211.9199981689453
2025-06-03,14:15:00,211.9199981689453,211.99000549316406,211.13999938964844,211.16000366210938
2025-06-03,14:30:00,211.24000549316406,212.3000030517578,211.24000549316406,211.97999572753906
2025-06-03,14:45:00,212.0,212.2100067138672,211.77000427246094,211.99000549316406
2025-06-03,15:00:00,211.9499969482422,212.0,211.1999969482422,211.41000366210938
2025-06-03,15:15:00,211.4499969482422,211.5399932861328,210.02999877929688,210.11000061035156
2025-06-04,09:15:00,211.1999969482422,211.99000549316406,210.47000122070312,210.6199951171875
2025-06-04,09:30:00,210.64999389648438,210.82000732421875,209.0,209.5
2025-06-04,09:45:00,209.39999389648438,209.77000427246094,208.67999267578125,209.6699981689453
2025-06-04,10:00:00,209.60000610351562,210.99000549316406,209.10000610351562,210.80999755859375
2025-06-04,10:15:00,210.80999755859375,211.85000610351562,210.22999572753906,210.97000122070312
2025-06-04,10:30:00,210.9600067138672,212.85000610351562,210.8699951171875,212.64999389648438
2025-06-04,10:45:00,212.75,213.33999633789062,212.0800018310547,212.6999969482422
2025-06-04,11:00:00,212.6999969482422,213.10000610351562,212.5399932861328,212.58999633789062
2025-06-04,11:15:00,212.55999755859375,213.10000610351562,212.25,212.75999450683594
2025-06-04,11:30:00,212.7899932861328,213.22000122070312,212.75999450683594,213.14999389648438
2025-06-04,11:45:00,213.11000061035156,213.22000122070312,212.69000244140625,212.72999572753906
2025-06-04,12:00:00,212.72999572753906,212.8800048828125,212.24000549316406,212.58999633789062
2025-06-04,12:15:00,212.67999267578125,212.7899932861328,212.4499969482422,212.77000427246094
2025-06-04,12:30:00,212.7899932861328,213.0,212.25,212.9499969482422
2025-06-04,12:45:00,212.9499969482422,213.0500030517578,212.1699981689453,212.25999450683594
2025-06-04,13:00:00,212.35000610351562,212.75,212.27999877929688,212.5
2025-06-04,13:15:00,212.42999267578125,213.00999450683594,212.00999450683594,212.89999389648438
2025-06-04,13:30:00,212.89999389648438,212.89999389648438,212.4499969482422,212.6999969482422
2025-06-04,13:45:00,212.7100067138672,213.4499969482422,212.6199951171875,213.2100067138672
2025-06-04,14:00:00,213.2100067138672,213.83999633789062,213.2100067138672,213.6300048828125
2025-06-04,14:15:00,213.64999389648438,213.85000610351562,213.32000732421875,213.33999633789062
2025-06-04,14:30:00,213.25,213.6300048828125,212.49000549316406,213.0
2025-06-04,14:45:00,213.05999755859375,213.24000549316406,212.27000427246094,212.92999267578125
2025-06-04,15:00:00,213.0,213.25,211.92999267578125,212.1699981689453
2025-06-04,15:15:00,212.27000427246094,212.85000610351562,212.08999633789062,212.4499969482422
2025-06-05,09:15:00,213.44000244140625,213.55999755859375,212.10000610351562,212.7100067138672
2025-06-05,09:30:00,212.7100067138672,213.1699981689453,211.6999969482422,212.1999969482422
2025-06-05,09:45:00,212.1999969482422,212.88999938964844,212.10000610351562,212.10000610351562
2025-06-05,10:00:00,212.0500030517578,212.57000732421875,212.0500030517578,212.1999969482422
2025-06-05,10:15:00,212.1999969482422,212.35000610351562,211.75,212.14999389648438
2025-06-05,10:30:00,212.10000610351562,212.1999969482422,211.3000030517578,211.49000549316406
2025-06-05,10:45:00,211.5,211.5,210.7100067138672,211.22999572753906
2025-06-05,11:00:00,211.27999877929688,211.5,211.1300048828125,211.33999633789062
2025-06-05,11:15:00,211.35000610351562,211.69000244140625,211.1999969482422,211.3000030517578
2025-06-05,11:30:00,211.2899932861328,211.2899932861328,210.74000549316406,210.8699951171875
2025-06-05,11:45:00,210.8699951171875,210.8800048828125,210.14999389648438,210.47999572753906
2025-06-05,12:00:00,210.47999572753906,210.72000122070312,210.38999938964844,210.6300048828125
2025-06-05,12:15:00,210.6300048828125,210.6300048828125,210.00999450683594,210.60000610351562
2025-06-05,12:30:00,210.60000610351562,210.60000610351562,210.10000610351562,210.10000610351562
2025-06-05,12:45:00,210.10000610351562,210.3000030517578,209.97999572753906,210.02999877929688
2025-06-05,13:00:00,210.02999877929688,210.4499969482422,209.97999572753906,210.33999633789062
2025-06-05,13:15:00,210.27000427246094,210.3800048828125,209.4199981689453,209.49000549316406
2025-06-05,13:30:00,209.36000061035156,209.60000610351562,208.9499969482422,208.97999572753906
2025-06-05,13:45:00,208.92999267578125,209.3699951171875,208.91000366210938,209.19000244140625
2025-06-05,14:00:00,209.17999267578125,209.17999267578125,208.0500030517578,208.3699951171875
2025-06-05,14:15:00,208.24000549316406,208.63999938964844,207.66000366210938,208.24000549316406
2025-06-05,14:30:00,208.24000549316406,208.24000549316406,207.6199951171875,207.75
2025-06-05,14:45:00,207.82000732421875,208.0,207.4199981689453,207.74000549316406
2025-06-05,15:00:00,207.7100067138672,207.77999877929688,206.6300048828125,207.05999755859375
2025-06-05,15:15:00,207.05999755859375,207.3300018310547,206.36000061035156,207.3300018310547
2025-06-06,09:15:00,208.5500030517578,208.5500030517578,206.25,207.6199951171875
2025-06-06,09:30:00,207.63999938964844,208.10000610351562,207.0,207.3000030517578
2025-06-06,09:45:00,207.25,207.49000549316406,206.5,206.86000061035156
2025-06-06,10:00:00,206.86000061035156,208.6300048828125,205.8000030517578,206.92999267578125
2025-06-06,10:15:00,206.80999755859375,210.60000610351562,205.5,210.0500030517578
2025-06-06,10:30:00,209.8800048828125,213.89999389648438,209.8800048828125,211.89999389648438
2025-06-06,10:45:00,211.9199981689453,212.75999450683594,209.80999755859375,212.0
2025-06-06,11:00:00,211.99000549316406,212.99000549316406,211.4199981689453,212.72999572753906
2025-06-06,11:15:00,212.72999572753906,216.77999877929688,212.72999572753906,213.55999755859375
2025-06-06,11:30:00,213.5800018310547,215.75999450683594,213.55999755859375,215.66000366210938
2025-06-06,11:45:00,215.69000244140625,215.99000549316406,214.6199951171875,215.8699951171875
2025-06-06,12:00:00,215.8699951171875,218.8000030517578,215.7100067138672,218.5500030517578
2025-06-06,12:15:00,218.5399932861328,218.8000030517578,217.16000366210938,218.16000366210938
2025-06-06,12:30:00,218.17999267578125,218.7100067138672,217.77000427246094,218.2899932861328
2025-06-06,12:45:00,218.2899932861328,219.86000061035156,218.25,218.82000732421875
2025-06-06,13:00:00,218.75999450683594,218.94000244140625,216.39999389648438,216.5800018310547
2025-06-06,13:15:00,216.55999755859375,217.39999389648438,216.55999755859375,217.1300048828125
2025-06-06,13:30:00,217.1300048828125,217.39999389648438,216.10000610351562,216.74000549316406
2025-06-06,13:45:00,216.74000549316406,217.35000610351562,216.25,217.1999969482422
2025-06-06,14:00:00,217.1999969482422,217.2899932861328,216.8000030517578,217.00999450683594
2025-06-06,14:15:00,217.0800018310547,217.3000030517578,216.9499969482422,216.99000549316406
2025-06-06,14:30:00,216.97000122070312,217.1999969482422,216.8699951171875,217.0
2025-06-06,14:45:00,217.02000427246094,217.99000549316406,216.77000427246094,217.47000122070312
2025-06-06,15:00:00,217.5800018310547,217.6199951171875,217.10000610351562,217.27000427246094
2025-06-06,15:15:00,217.25999450683594,218.27000427246094,217.25999450683594,217.52999877929688
2025-06-09,09:15:00,219.4600067138672,224.5,219.4600067138672,223.08999633789062
2025-06-09,09:30:00,223.1999969482422,228.3000030517578,222.24000549316406,228.1999969482422
2025-06-09,09:45:00,228.3000030517578,230.0,228.0,229.0
2025-06-09,10:00:00,229.02999877929688,229.2899932861328,228.0,228.08999633789062
2025-06-09,10:15:00,228.24000549316406,229.5,228.08999633789062,228.77999877929688
2025-06-09,10:30:00,228.77999877929688,229.1699981689453,228.5,228.75999450683594
2025-06-09,10:45:00,228.77999877929688,228.88999938964844,228.50999450683594,228.60000610351562
2025-06-09,11:00:00,228.60000610351562,229.5,228.60000610351562,229.14999389648438
2025-06-09,11:15:00,229.02999877929688,229.14999389648438,228.60000610351562,228.75
2025-06-09,11:30:00,228.74000549316406,229.32000732421875,228.41000366210938,229.0800018310547
2025-06-09,11:45:00,229.07000732421875,229.1999969482422,228.77000427246094,229.0399932861328
2025-06-09,12:00:00,229.0,229.1999969482422,228.86000061035156,229.0500030517578
2025-06-09,12:15:00,229.0,229.9499969482422,229.0,229.41000366210938
2025-06-09,12:30:00,229.39999389648438,229.9600067138672,228.89999389648438,229.1999969482422
2025-06-09,12:45:00,229.1300048828125,229.35000610351562,228.86000061035156,229.0
2025-06-09,13:00:00,228.8699951171875,229.88999938964844,228.75,229.83999633789062
2025-06-09,13:15:00,229.83999633789062,231.3000030517578,229.7100067138672,231.10000610351562
2025-06-09,13:30:00,231.08999633789062,231.1999969482422,228.61000061035156,228.92999267578125
2025-06-09,13:45:00,228.92999267578125,229.1300048828125,228.61000061035156,229.1199951171875
2025-06-09,14:00:00,229.1199951171875,229.50999450683594,228.60000610351562,228.75
2025-06-09,14:15:00,228.7899932861328,229.67999267578125,228.52000427246094,229.50999450683594
2025-06-09,14:30:00,229.50999450683594,230.1999969482422,229.44000244140625,229.92999267578125
2025-06-09,14:45:00,229.89999389648438,230.39999389648438,229.6699981689453,229.99000549316406
2025-06-09,15:00:00,229.99000549316406,230.67999267578125,229.75,230.3800048828125
2025-06-09,15:15:00,230.3699951171875,230.77000427246094,229.00999450683594,230.2899932861328
2025-06-10,09:15:00,230.1999969482422,230.47000122070312,224.35000610351562,225.6999969482422
2025-06-10,09:30:00,225.63999938964844,226.22000122070312,224.89999389648438,225.08999633789062
2025-06-10,09:45:00,225.24000549316406,225.77000427246094,223.25,223.25
2025-06-10,10:00:00,223.3000030517578,225.13999938964844,223.1999969482422,225.0
2025-06-10,10:15:00,225.00999450683594,225.5500030517578,224.8000030517578,225.0500030517578
2025-06-10,10:30:00,225.0500030517578,225.10000610351562,224.10000610351562,224.10000610351562
2025-06-10,10:45:00,224.10000610351562,224.19000244140625,222.25,222.38999938964844
2025-06-10,11:00:00,222.35000610351562,223.92999267578125,222.22000122070312,223.75999450683594
2025-06-10,11:15:00,223.75,223.75,222.99000549316406,223.14999389648438
2025-06-10,11:30:00,223.10000610351562,223.3300018310547,222.5,223.10000610351562
2025-06-10,11:45:00,223.17999267578125,223.22999572753906,222.85000610351562,223.02000427246094
2025-06-10,12:00:00,223.05999755859375,223.39999389648438,223.0,223.05999755859375
2025-06-10,12:15:00,223.00999450683594,223.07000732421875,222.2100067138672,222.3699951171875
2025-06-10,12:30:00,222.19000244140625,222.19000244140625,220.8000030517578,221.89999389648438
2025-06-10,12:45:00,221.89999389648438,222.0800018310547,221.0,221.55999755859375
2025-06-10,13:00:00,221.55999755859375,222.8300018310547,221.5500030517578,221.9499969482422
2025-06-10,13:15:00,221.8800048828125,222.75,221.6999969482422,222.5500030517578
2025-06-10,13:30:00,222.5500030517578,222.60000610351562,221.39999389648438,221.4600067138672
2025-06-10,13:45:00,221.5,221.97000122070312,221.1699981689453,221.7100067138672
2025-06-10,14:00:00,221.6999969482422,221.75,221.39999389648438,221.58999633789062
2025-06-10,14:15:00,221.5800018310547,222.75,221.32000732421875,222.36000061035156
2025-06-10,14:30:00,222.36000061035156,222.88999938964844,221.75999450683594,222.50999450683594
2025-06-10,14:45:00,222.50999450683594,222.60000610351562,221.6999969482422,221.7100067138672
2025-06-10,15:00:00,221.72999572753906,222.64999389648438,221.60000610351562,222.25999450683594
2025-06-10,15:15:00,222.27999877929688,222.38999938964844,221.32000732421875,221.55999755859375
2025-06-11,09:15:00,221.3000030517578,222.89999389648438,220.4499969482422,220.64999389648438
2025-06-11,09:30:00,220.8000030517578,221.17999267578125,220.0500030517578,220.83999633789062
2025-06-11,09:45:00,220.83999633789062,221.99000549316406,220.5500030517578,221.99000549316406
2025-06-11,10:00:00,221.99000549316406,223.47999572753906,221.97999572753906,222.58999633789062
2025-06-11,10:15:00,222.58999633789062,222.89999389648438,222.25999450683594,222.33999633789062
2025-06-11,10:30:00,222.25999450683594,222.6699981689453,222.25999450683594,222.66000366210938
2025-06-11,10:45:00,222.66000366210938,223.1999969482422,221.7100067138672,222.8000030517578
2025-06-11,11:00:00,222.8000030517578,222.92999267578125,222.5399932861328,222.8000030517578
2025-06-11,11:15:00,222.8000030517578,222.88999938964844,222.1999969482422,222.60000610351562
2025-06-11,11:30:00,222.60000610351562,223.0500030517578,222.44000244140625,222.6999969482422
2025-06-11,11:45:00,222.6999969482422,223.3699951171875,222.55999755859375,222.85000610351562
2025-06-11,12:00:00,222.82000732421875,223.32000732421875,222.77000427246094,223.10000610351562
2025-06-11,12:15:00,223.10000610351562,223.47999572753906,222.8000030517578,222.97000122070312
2025-06-11,12:30:00,222.94000244140625,222.94000244140625,221.7100067138672,222.44000244140625
2025-06-11,12:45:00,222.39999389648438,222.39999389648438,221.5,222.39999389648438
2025-06-11,13:00:00,222.39999389648438,222.5,222.0,222.27999877929688
2025-06-11,13:15:00,222.27999877929688,222.2899932861328,220.6999969482422,220.7100067138672
2025-06-11,13:30:00,220.7100067138672,221.0800018310547,219.1999969482422,219.5500030517578
2025-06-11,13:45:00,219.39999389648438,219.5399932861328,217.66000366210938,218.69000244140625
2025-06-11,14:00:00,218.6999969482422,218.99000549316406,217.60000610351562,218.99000549316406
2025-06-11,14:15:00,219.05999755859375,219.17999267578125,218.55999755859375,218.99000549316406
2025-06-11,14:30:00,219.0,220.33999633789062,218.74000549316406,220.25
2025-06-11,14:45:00,220.25,221.67999267578125,220.02999877929688,220.32000732421875
2025-06-11,15:00:00,220.33999633789062,220.74000549316406,220.07000732421875,220.14999389648438
2025-06-11,15:15:00,220.1999969482422,221.85000610351562,219.8300018310547,220.5
2025-06-12,09:15:00,221.8300018310547,222.1999969482422,221.41000366210938,221.5
2025-06-12,09:30:00,221.82000732421875,222.69000244140625,221.39999389648438,222.14999389648438
2025-06-12,09:45:00,222.14999389648438,223.67999267578125,221.60000610351562,222.39999389648438
2025-06-12,10:00:00,222.38999938964844,223.17999267578125,222.13999938964844,222.89999389648438
2025-06-12,10:15:00,222.82000732421875,223.27999877929688,222.42999267578125,222.60000610351562
2025-06-12,10:30:00,222.69000244140625,223.4499969482422,222.5800018310547,222.8000030517578
2025-06-12,10:45:00,222.86000061035156,223.60000610351562,222.86000061035156,223.5500030517578
2025-06-12,11:00:00,223.5500030517578,224.27999877929688,222.38999938964844,222.85000610351562
2025-06-12,11:15:00,222.8300018310547,222.99000549316406,222.4499969482422,222.5
2025-06-12,11:30:00,222.52999877929688,222.77999877929688,222.10000610351562,222.55999755859375
2025-06-12,11:45:00,222.38999938964844,222.5500030517578,222.16000366210938,222.4499969482422
2025-06-12,12:00:00,222.42999267578125,222.63999938964844,221.91000366210938,222.42999267578125
2025-06-12,12:15:00,222.36000061035156,222.97000122070312,222.2100067138672,222.4499969482422
2025-06-12,12:30:00,222.55999755859375,222.6999969482422,222.27999877929688,222.27999877929688
2025-06-12,12:45:00,222.35000610351562,223.82000732421875,222.2899932861328,223.58999633789062
2025-06-12,13:00:00,223.49000549316406,224.10000610351562,223.24000549316406,224.0500030517578
2025-06-12,13:15:00,224.0800018310547,224.25,223.0,223.89999389648438
2025-06-12,13:30:00,223.85000610351562,224.1999969482422,223.0,223.61000061035156
2025-06-12,13:45:00,223.5399932861328,223.85000610351562,222.77999877929688,223.7100067138672
2025-06-12,14:00:00,223.75999450683594,223.86000061035156,223.02000427246094,223.5
2025-06-12,14:15:00,223.61000061035156,224.75,223.25,223.4199981689453
2025-06-12,14:30:00,223.49000549316406,223.85000610351562,223.0500030517578,223.50999450683594
2025-06-12,14:45:00,223.3699951171875,223.75,223.1999969482422,223.4600067138672
2025-06-12,15:00:00,223.6199951171875,223.6199951171875,222.77000427246094,223.11000061035156
2025-06-12,15:15:00,223.11000061035156,223.13999938964844,222.77000427246094,222.9600067138672
2025-06-13,09:15:00,217.97000122070312,220.89999389648438,217.47999572753906,220.75
2025-06-13,09:30:00,220.72000122070312,221.22000122070312,219.50999450683594,220.74000549316406
2025-06-13,09:45:00,220.61000061035156,221.6199951171875,220.1699981689453,221.3699951171875
2025-06-13,10:00:00,221.3800048828125,221.3800048828125,220.52000427246094,220.94000244140625
2025-06-13,10:15:00,220.94000244140625,222.33999633789062,220.22999572753906,222.14999389648438
2025-06-13,10:30:00,222.14999389648438,222.38999938964844,221.6300048828125,221.6999969482422
2025-06-13,10:45:00,221.6999969482422,221.8800048828125,221.5,221.58999633789062
2025-06-13,11:00:00,221.58999633789062,221.92999267578125,218.82000732421875,218.9499969482422
2025-06-13,11:15:00,219.07000732421875,219.39999389648438,218.8000030517578,219.25
2025-06-13,11:30:00,219.30999755859375,219.61000061035156,218.8699951171875,219.0
2025-06-13,11:45:00,219.00999450683594,219.61000061035156,218.25999450683594,219.4600067138672
2025-06-13,12:00:00,219.49000549316406,220.5500030517578,219.25999450683594,219.89999389648438
2025-06-13,12:15:00,220.0,221.5,219.8800048828125,221.1999969482422
2025-06-13,12:30:00,221.1999969482422,221.49000549316406,220.97999572753906,221.4499969482422
2025-06-13,12:45:00,221.4499969482422,221.5,220.4199981689453,220.50999450683594
2025-06-13,13:00:00,220.50999450683594,220.7899932861328,219.5500030517578,219.72999572753906
2025-06-13,13:15:00,219.77000427246094,219.94000244140625,219.55999755859375,219.6999969482422
2025-06-13,13:30:00,219.6999969482422,220.3800048828125,219.3699951171875,220.22000122070312
2025-06-13,13:45:00,220.22000122070312,220.3800048828125,220.00999450683594,220.17999267578125
2025-06-13,14:00:00,220.27999877929688,220.7899932861328,220.0500030517578,220.25
2025-06-13,14:15:00,220.25,220.3800048828125,219.9600067138672,220.3300018310547
2025-06-13,14:30:00,220.36000061035156,220.3800048828125,219.92999267578125,220.16000366210938
2025-06-13,14:45:00,220.22000122070312,220.5,220.13999938964844,220.1999969482422
2025-06-13,15:00:00,220.1999969482422,220.89999389648438,220.0399932861328,220.50999450683594
2025-06-13,15:15:00,220.49000549316406,220.5399932861328,219.4499969482422,220.22999572753906
2025-06-16,09:15:00,219.80999755859375,219.85000610351562,216.61000061035156,216.82000732421875
2025-06-16,09:30:00,216.8000030517578,216.8000030517578,214.0399932861328,215.6199951171875
2025-06-16,09:45:00,215.44000244140625,215.7899932861328,214.52999877929688,214.97000122070312
2025-06-16,10:00:00,215.0,215.83999633789062,214.6199951171875,215.3000030517578
2025-06-16,10:15:00,215.3000030517578,216.22000122070312,215.10000610351562,216.1999969482422
2025-06-16,10:30:00,216.1999969482422,216.82000732421875,216.0,216.82000732421875
2025-06-16,10:45:00,216.8000030517578,218.0,216.8000030517578,217.74000549316406
2025-06-16,11:00:00,217.85000610351562,218.4499969482422,217.5,217.9600067138672
2025-06-16,11:15:00,218.00999450683594,218.5,217.75,218.0
2025-06-16,11:30:00,218.00999450683594,218.8800048828125,217.66000366210938,218.67999267578125
2025-06-16,11:45:00,218.6199951171875,219.0,218.50999450683594,218.69000244140625
2025-06-16,12:00:00,218.69000244140625,218.75,217.75999450683594,218.75
2025-06-16,12:15:00,218.75,218.8800048828125,218.11000061035156,218.8699951171875
2025-06-16,12:30:00,218.86000061035156,219.25,218.80999755859375,218.94000244140625
2025-06-16,12:45:00,218.72999572753906,219.0,217.85000610351562,217.91000366210938
2025-06-16,13:00:00,217.67999267578125,218.3300018310547,217.60000610351562,218.3000030517578
2025-06-16,13:15:00,218.3000030517578,218.3000030517578,217.88999938964844,218.1300048828125
2025-06-16,13:30:00,218.1999969482422,218.4499969482422,218.1699981689453,218.39999389648438
2025-06-16,13:45:00,218.38999938964844,218.49000549316406,217.3800048828125,218.07000732421875
2025-06-16,14:00:00,218.1300048828125,218.49000549316406,217.74000549316406,217.8300018310547
2025-06-16,14:15:00,217.89999389648438,218.08999633789062,217.6300048828125,217.9499969482422
2025-06-16,14:30:00,218.0800018310547,218.89999389648438,218.0800018310547,218.85000610351562
2025-06-16,14:45:00,218.89999389648438,218.89999389648438,218.0,218.27999877929688
2025-06-16,15:00:00,218.3699951171875,218.5,217.77000427246094,218.39999389648438
2025-06-16,15:15:00,218.35000610351562,218.35000610351562,215.89999389648438,216.4600067138672
2025-06-17,09:15:00,216.5,218.1699981689453,215.6300048828125,216.9600067138672
2025-06-17,09:30:00,217.0,219.1999969482422,216.80999755859375,218.22999572753906
2025-06-17,09:45:00,218.25,218.25,217.41000366210938,217.86000061035156
2025-06-17,10:00:00,217.83999633789062,218.49000549316406,217.11000061035156,217.64999389648438
2025-06-17,10:15:00,217.63999938964844,218.60000610351562,217.5399932861328,218.1999969482422
2025-06-17,10:30:00,218.1999969482422,218.3000030517578,216.82000732421875,216.85000610351562
2025-06-17,10:45:00,216.9199981689453,216.9199981689453,215.60000610351562,216.47000122070312
2025-06-17,11:00:00,216.61000061035156,216.82000732421875,215.9499969482422,215.99000549316406
2025-06-17,11:15:00,215.99000549316406,216.0,215.6999969482422,216.0
2025-06-17,11:30:00,215.97999572753906,216.0,215.91000366210938,216.0
2025-06-17,11:45:00,216.0,217.38999938964844,215.36000061035156,217.38999938964844
2025-06-17,12:00:00,217.38999938964844,218.38999938964844,217.30999755859375,218.1999969482422
2025-06-17,12:15:00,218.14999389648438,219.19000244140625,218.14999389648438,218.7899932861328
2025-06-17,12:30:00,218.77999877929688,219.7899932861328,218.5,219.32000732421875
2025-06-17,12:45:00,219.25,219.25,218.10000610351562,218.6699981689453
2025-06-17,13:00:00,218.72999572753906,219.05999755859375,218.52000427246094,219.0
2025-06-17,13:15:00,219.0,219.0,218.52000427246094,218.88999938964844
2025-06-17,13:30:00,218.89999389648438,219.75,218.88999938964844,219.57000732421875
2025-06-17,13:45:00,219.57000732421875,219.61000061035156,219.14999389648438,219.52000427246094
2025-06-17,14:00:00,219.52000427246094,219.97999572753906,219.27999877929688,219.89999389648438
2025-06-17,14:15:00,219.88999938964844,219.97000122070312,219.6999969482422,219.8000030517578
2025-06-17,14:30:00,219.8000030517578,219.8800048828125,218.80999755859375,219.0
2025-06-17,14:45:00,219.00999450683594,219.00999450683594,218.5500030517578,218.6999969482422
2025-06-17,15:00:00,218.6999969482422,219.0,218.2100067138672,218.8800048828125
2025-06-17,15:15:00,218.86000061035156,219.0,217.25,217.25
2025-06-18,09:15:00,217.99000549316406,219.4499969482422,216.92999267578125,219.39999389648438
2025-06-18,09:30:00,219.4600067138672,221.3000030517578,219.22000122070312,220.72000122070312
2025-06-18,09:45:00,220.85000610351562,222.97999572753906,220.8000030517578,221.6999969482422
2025-06-18,10:00:00,221.6999969482422,222.35000610351562,221.5,222.14999389648438
2025-06-18,10:15:00,222.13999938964844,222.3699951171875,221.5500030517578,221.89999389648438
2025-06-18,10:30:00,221.9499969482422,222.8300018310547,221.77999877929688,222.74000549316406
2025-06-18,10:45:00,222.72999572753906,223.3000030517578,222.32000732421875,223.25
2025-06-18,11:00:00,223.14999389648438,223.5,222.55999755859375,223.4199981689453
2025-06-18,11:15:00,223.4199981689453,223.7899932861328,222.74000549316406,222.89999389648438
2025-06-18,11:30:00,222.97999572753906,225.0399932861328,222.44000244140625,224.9499969482422
2025-06-18,11:45:00,224.9499969482422,225.0,224.00999450683594,224.3000030517578
2025-06-18,12:00:00,224.1999969482422,225.3000030517578,224.11000061035156,225.1999969482422
2025-06-18,12:15:00,225.11000061035156,225.66000366210938,224.6999969482422,225.0
2025-06-18,12:30:00,225.0,225.89999389648438,224.92999267578125,225.63999938964844
2025-06-18,12:45:00,225.5500030517578,225.86000061035156,225.39999389648438,225.5
2025-06-18,13:00:00,225.5500030517578,227.0,225.50999450683594,226.6999969482422
2025-06-18,13:15:00,226.72999572753906,226.72999572753906,225.6999969482422,225.91000366210938
2025-06-18,13:30:00,225.89999389648438,226.89999389648438,225.8000030517578,226.8000030517578
2025-06-18,13:45:00,226.8000030517578,227.9499969482422,226.5,227.3000030517578
2025-06-18,14:00:00,227.22999572753906,228.25,227.02000427246094,227.75
2025-06-18,14:15:00,227.8000030517578,228.0,227.1199951171875,227.14999389648438
2025-06-18,14:30:00,227.1300048828125,227.85000610351562,227.1300048828125,227.49000549316406
2025-06-18,14:45:00,227.3800048828125,227.9600067138672,227.3800048828125,227.8699951171875
2025-06-18,15:00:00,227.85000610351562,228.83999633789062,227.75,228.83999633789062
2025-06-18,15:15:00,228.8000030517578,228.99000549316406,227.0399932861328,228.0
2025-06-19,09:15:00,227.5,228.36000061035156,225.77999877929688,227.50999450683594
2025-06-19,09:30:00,227.64999389648438,228.25,227.16000366210938,228.16000366210938
2025-06-19,09:45:00,228.16000366210938,228.99000549316406,227.52000427246094,227.6199951171875
2025-06-19,10:00:00,227.75,227.75,225.8000030517578,225.94000244140625
2025-06-19,10:15:00,225.91000366210938,225.91000366210938,223.5,224.47999572753906
2025-06-19,10:30:00,224.3300018310547,226.66000366210938,223.67999267578125,226.33999633789062
2025-06-19,10:45:00,226.2899932861328,228.25,226.14999389648438,228.0
2025-06-19,11:00:00,228.0,228.72999572753906,227.75,228.61000061035156
2025-06-19,11:15:00,228.5800018310547,228.60000610351562,226.8300018310547,227.42999267578125
2025-06-19,11:30:00,227.39999389648438,227.4199981689453,225.6699981689453,225.8300018310547
2025-06-19,11:45:00,225.8300018310547,226.3800048828125,225.35000610351562,226.0
2025-06-19,12:00:00,226.0,226.0399932861328,224.52000427246094,224.67999267578125
2025-06-19,12:15:00,224.67999267578125,224.77000427246094,223.25,223.42999267578125
2025-06-19,12:30:00,223.42999267578125,223.42999267578125,220.39999389648438,220.6199951171875
2025-06-19,12:45:00,220.7899932861328,223.08999633789062,220.5399932861328,221.94000244140625
2025-06-19,13:00:00,221.92999267578125,223.1999969482422,221.5,222.00999450683594
2025-06-19,13:15:00,222.10000610351562,222.10000610351562,220.02000427246094,220.58999633789062
2025-06-19,13:30:00,220.58999633789062,223.32000732421875,220.50999450683594,222.25
2025-06-19,13:45:00,222.33999633789062,222.82000732421875,222.30999755859375,222.8000030517578
2025-06-19,14:00:00,222.8000030517578,224.22999572753906,222.8000030517578,223.89999389648438
2025-06-19,14:15:00,223.8000030517578,224.3699951171875,223.5800018310547,223.61000061035156
2025-06-19,14:30:00,223.61000061035156,224.47999572753906,223.5,223.67999267578125
2025-06-19,14:45:00,223.6699981689453,224.24000549316406,223.27000427246094,223.77000427246094
2025-06-19,15:00:00,224.60000610351562,224.60000610351562,223.5,223.9499969482422
2025-06-19,15:15:00,223.92999267578125,224.3699951171875,222.5500030517578,223.83999633789062
2025-06-20,09:15:00,223.14999389648438,225.42999267578125,223.0,224.24000549316406
2025-06-20,09:30:00,224.05999755859375,224.69000244140625,223.91000366210938,224.63999938964844
2025-06-20,09:45:00,224.6300048828125,225.6999969482422,224.00999450683594,224.50999450683594
2025-06-20,10:00:00,224.27000427246094,225.0,224.25,224.6300048828125
2025-06-20,10:15:00,224.5500030517578,225.5,224.5500030517578,225.38999938964844
2025-06-20,10:30:00,225.27999877929688,225.8800048828125,225.27000427246094,225.75
2025-06-20,10:45:00,225.83999633789062,225.99000549316406,224.83999633789062,225.5
2025-06-20,11:00:00,225.5,225.82000732421875,225.25999450683594,225.6199951171875
2025-06-20,11:15:00,225.6999969482422,226.6699981689453,225.6999969482422,225.89999389648438
2025-06-20,11:30:00,225.89999389648438,226.67999267578125,225.11000061035156,225.1199951171875
2025-06-20,11:45:00,225.1199951171875,225.19000244140625,224.3300018310547,224.63999938964844
2025-06-20,12:00:00,224.5,225.0,224.22999572753906,224.77000427246094
2025-06-20,12:15:00,224.77999877929688,226.1300048828125,224.6999969482422,226.0
2025-06-20,12:30:00,226.0,226.0800018310547,225.2100067138672,225.6999969482422
2025-06-20,12:45:00,225.6999969482422,226.60000610351562,225.6999969482422,226.3000030517578
2025-06-20,13:00:00,226.3800048828125,226.3800048828125,225.94000244140625,226.0500030517578
2025-06-20,13:15:00,226.0500030517578,226.27999877929688,225.85000610351562,225.97000122070312
2025-06-20,13:30:00,225.9600067138672,226.6999969482422,225.88999938964844,226.60000610351562
2025-06-20,13:45:00,226.60000610351562,226.72999572753906,226.1199951171875,226.17999267578125
2025-06-20,14:00:00,226.24000549316406,228.52999877929688,226.24000549316406,228.1999969482422
2025-06-20,14:15:00,228.1999969482422,228.35000610351562,227.61000061035156,227.6199951171875
2025-06-20,14:30:00,227.69000244140625,228.42999267578125,227.16000366210938,228.36000061035156
2025-06-20,14:45:00,228.38999938964844,228.5500030517578,227.41000366210938,228.0
2025-06-20,15:00:00,228.17999267578125,228.4499969482422,228.0,228.10000610351562
2025-06-20,15:15:00,228.10000610351562,228.14999389648438,227.41000366210938,228.02999877929688
2025-06-23,09:15:00,224.9199981689453,226.8000030517578,224.9199981689453,226.4499969482422
2025-06-23,09:30:00,226.4499969482422,227.8699951171875,225.02000427246094,225.2100067138672
2025-06-23,09:45:00,225.13999938964844,228.8800048828125,225.0,228.38999938964844
2025-06-23,10:00:00,228.49000549316406,229.5,228.3000030517578,228.32000732421875
2025-06-23,10:15:00,228.4499969482422,228.83999633789062,227.75,227.8000030517578
2025-06-23,10:30:00,227.7899932861328,229.3000030517578,227.7899932861328,228.91000366210938
2025-06-23,10:45:00,228.89999389648438,229.9499969482422,228.5500030517578,228.61000061035156
2025-06-23,11:00:00,228.67999267578125,229.4499969482422,228.36000061035156,229.3300018310547
2025-06-23,11:15:00,229.39999389648438,229.6999969482422,229.1999969482422,229.50999450683594
2025-06-23,11:30:00,229.52000427246094,229.7100067138672,229.5,229.5399932861328
2025-06-23,11:45:00,229.50999450683594,229.8000030517578,229.24000549316406,229.58999633789062
2025-06-23,12:00:00,229.50999450683594,229.66000366210938,229.5,229.5
2025-06-23,12:15:00,229.5,229.8000030517578,229.5,229.55999755859375
2025-06-23,12:30:00,229.5800018310547,231.47999572753906,229.5800018310547,231.39999389648438
2025-06-23,12:45:00,231.4499969482422,233.10000610351562,231.24000549316406,233.10000610351562
2025-06-23,13:00:00,233.0,234.30999755859375,233.0,233.5399932861328
2025-06-23,13:15:00,233.6199951171875,234.2899932861328,233.0,234.25
2025-06-23,13:30:00,234.3000030517578,234.44000244140625,234.0,234.1999969482422
2025-06-23,13:45:00,234.16000366210938,234.8699951171875,234.07000732421875,234.7100067138672
2025-06-23,14:00:00,234.6199951171875,234.80999755859375,234.38999938964844,234.4199981689453
2025-06-23,14:15:00,234.36000061035156,234.72000122070312,233.75,234.6999969482422
2025-06-23,14:30:00,234.75,234.75,234.10000610351562,234.10000610351562
2025-06-23,14:45:00,234.1999969482422,234.77000427246094,233.75,234.14999389648438
2025-06-23,15:00:00,234.17999267578125,234.3000030517578,233.8699951171875,234.00999450683594
2025-06-23,15:15:00,234.00999450683594,234.3699951171875,233.1999969482422,233.99000549316406
2025-06-24,09:15:00,237.0,237.0,235.22999572753906,235.41000366210938
2025-06-24,09:30:00,235.36000061035156,236.8000030517578,235.0,236.3699951171875
2025-06-24,09:45:00,236.49000549316406,236.6699981689453,236.0,236.60000610351562
2025-06-24,10:00:00,236.63999938964844,236.89999389648438,236.25999450683594,236.60000610351562
2025-06-24,10:15:00,236.52000427246094,236.60000610351562,236.1699981689453,236.39999389648438
2025-06-24,10:30:00,236.38999938964844,236.89999389648438,236.27999877929688,236.47000122070312
2025-06-24,10:45:00,236.47000122070312,237.19000244140625,236.22000122070312,236.52999877929688
2025-06-24,11:00:00,236.55999755859375,237.52999877929688,236.5500030517578,237.02000427246094
2025-06-24,11:15:00,237.0,237.36000061035156,236.89999389648438,237.10000610351562
2025-06-24,11:30:00,237.10000610351562,237.38999938964844,236.8800048828125,236.94000244140625
2025-06-24,11:45:00,236.91000366210938,237.08999633789062,236.61000061035156,236.9199981689453
2025-06-24,12:00:00,236.80999755859375,238.00999450683594,236.6999969482422,237.57000732421875
2025-06-24,12:15:00,237.50999450683594,237.6199951171875,237.02000427246094,237.27000427246094
2025-06-24,12:30:00,237.27000427246094,237.27999877929688,236.7100067138672,236.99000549316406
2025-06-24,12:45:00,236.99000549316406,237.5,236.83999633789062,237.0500030517578
2025-06-24,13:00:00,237.0500030517578,237.1199951171875,236.8300018310547,237.0
2025-06-24,13:15:00,236.97999572753906,237.0,236.41000366210938,236.52999877929688
2025-06-24,13:30:00,236.39999389648438,236.60000610351562,236.08999633789062,236.39999389648438
2025-06-24,13:45:00,236.39999389648438,237.60000610351562,236.0500030517578,237.60000610351562
2025-06-24,14:00:00,237.60000610351562,237.69000244140625,236.97000122070312,237.5500030517578
2025-06-24,14:15:00,237.5500030517578,237.64999389648438,237.1199951171875,237.49000549316406
2025-06-24,14:30:00,237.49000549316406,237.64999389648438,237.24000549316406,237.60000610351562
2025-06-24,14:45:00,237.60000610351562,237.60000610351562,237.0399932861328,237.3300018310547
2025-06-24,15:00:00,237.3800048828125,237.5,236.6300048828125,236.6999969482422
2025-06-24,15:15:00,236.83999633789062,237.0399932861328,236.11000061035156,236.5
2025-06-25,09:15:00,236.97999572753906,242.47999572753906,236.9499969482422,241.99000549316406
2025-06-25,09:30:00,241.85000610351562,243.7100067138672,240.2899932861328,240.30999755859375
2025-06-25,09:45:00,240.42999267578125,241.77999877929688,239.0,239.7100067138672
2025-06-25,10:00:00,239.7100067138672,240.32000732421875,238.7899932861328,239.47000122070312
2025-06-25,10:15:00,239.57000732421875,240.30999755859375,237.1300048828125,238.7899932861328
2025-06-25,10:30:00,238.7899932861328,238.7899932861328,236.25,237.08999633789062
2025-06-25,10:45:00,237.16000366210938,237.3699951171875,235.39999389648438,236.0
2025-06-25,11:00:00,236.0,238.6300048828125,235.74000549316406,237.38999938964844
2025-06-25,11:15:00,237.38999938964844,237.91000366210938,236.61000061035156,237.4600067138672
2025-06-25,11:30:00,237.32000732421875,237.5399932861328,234.5,235.1199951171875
2025-06-25,11:45:00,235.1199951171875,235.5800018310547,234.52999877929688,235.4499969482422
2025-06-25,12:00:00,235.4499969482422,235.4499969482422,233.25,234.5
2025-06-25,12:15:00,234.42999267578125,234.85000610351562,234.11000061035156,234.6300048828125
2025-06-25,12:30:00,234.67999267578125,234.8000030517578,232.0800018310547,233.49000549316406
2025-06-25,12:45:00,233.35000610351562,235.49000549316406,232.32000732421875,235.25
2025-06-25,13:00:00,235.24000549316406,235.89999389648438,234.8000030517578,235.61000061035156
2025-06-25,13:15:00,235.49000549316406,236.83999633789062,235.39999389648438,235.6199951171875
2025-06-25,13:30:00,235.74000549316406,236.5,235.22000122070312,235.58999633789062
2025-06-25,13:45:00,235.64999389648438,236.5,235.38999938964844,235.83999633789062
2025-06-25,14:00:00,235.83999633789062,236.3000030517578,234.6999969482422,235.22999572753906
2025-06-25,14:15:00,235.14999389648438,236.64999389648438,234.91000366210938,235.85000610351562
2025-06-25,14:30:00,235.82000732421875,236.1999969482422,235.10000610351562,235.32000732421875
2025-06-25,14:45:00,235.32000732421875,236.36000061035156,235.0,235.47999572753906
2025-06-25,15:00:00,235.44000244140625,236.3699951171875,235.02999877929688,235.5500030517578
2025-06-25,15:15:00,235.5399932861328,237.85000610351562,234.69000244140625,237.05999755859375
2025-06-26,09:15:00,237.39999389648438,239.24000549316406,235.72999572753906,236.17999267578125
2025-06-26,09:30:00,236.1999969482422,236.64999389648438,235.1199951171875,236.14999389648438
2025-06-26,09:45:00,236.13999938964844,236.6999969482422,235.97000122070312,236.08999633789062
2025-06-26,10:00:00,236.16000366210938,237.3699951171875,236.0,237.27000427246094
2025-06-26,10:15:00,237.27000427246094,239.0,237.27000427246094,237.88999938964844
2025-06-26,10:30:00,238.10000610351562,238.42999267578125,237.14999389648438,237.14999389648438
2025-06-26,10:45:00,237.2899932861328,237.75,234.6999969482422,235.0
2025-06-26,11:00:00,234.80999755859375,235.39999389648438,234.33999633789062,234.39999389648438
2025-06-26,11:15:00,234.47999572753906,235.08999633789062,233.72000122070312,235.0
2025-06-26,11:30:00,234.97999572753906,235.0,234.5800018310547,234.89999389648438
2025-06-26,11:45:00,234.8800048828125,236.1999969482422,234.52000427246094,236.0
2025-06-26,12:00:00,236.05999755859375,238.57000732421875,236.05999755859375,237.27000427246094
2025-06-26,12:15:00,237.5,238.25,236.66000366210938,237.05999755859375
2025-06-26,12:30:00,236.9600067138672,237.14999389648438,235.41000366210938,235.9600067138672
2025-06-26,12:45:00,235.8800048828125,236.41000366210938,235.6199951171875,235.72999572753906
2025-06-26,13:00:00,235.8800048828125,236.77999877929688,235.80999755859375,235.8300018310547
2025-06-26,13:15:00,236.00999450683594,236.22999572753906,235.1199951171875,235.1199951171875
2025-06-26,13:30:00,235.11000061035156,235.4600067138672,235.0,235.1199951171875
2025-06-26,13:45:00,235.1199951171875,235.9600067138672,235.0,235.8000030517578
2025-06-26,14:00:00,235.86000061035156,236.0,235.0500030517578,235.36000061035156
2025-06-26,14:15:00,235.38999938964844,235.75,235.25999450683594,235.3699951171875
2025-06-26,14:30:00,235.47000122070312,236.22999572753906,235.47000122070312,236.22999572753906
2025-06-26,14:45:00,236.25999450683594,237.9499969482422,236.1699981689453,236.82000732421875
2025-06-26,15:00:00,237.33999633789062,237.60000610351562,237.05999755859375,237.38999938964844
2025-06-26,15:15:00,237.64999389648438,237.74000549316406,237.0,237.0
2025-06-27,09:15:00,239.3000030517578,239.3000030517578,237.6999969482422,239.24000549316406
2025-06-27,09:30:00,239.5,239.8800048828125,236.1199951171875,236.1199951171875
2025-06-27,09:45:00,235.88999938964844,236.16000366210938,234.6199951171875,235.19000244140625
2025-06-27,10:00:00,235.0500030517578,236.17999267578125,234.6999969482422,235.7899932861328
2025-06-27,10:15:00,235.7899932861328,238.86000061035156,235.7899932861328,237.2100067138672
2025-06-27,10:30:00,237.2100067138672,238.8000030517578,237.1999969482422,238.5
2025-06-27,10:45:00,238.5,239.0500030517578,237.22000122070312,237.3000030517578
2025-06-27,11:00:00,237.3000030517578,237.9499969482422,237.3000030517578,237.74000549316406
2025-06-27,11:15:00,237.72999572753906,237.77999877929688,236.74000549316406,236.9199981689453
2025-06-27,11:30:00,236.89999389648438,237.82000732421875,236.89999389648438,237.60000610351562
2025-06-27,11:45:00,237.64999389648438,238.0,237.36000061035156,237.64999389648438
2025-06-27,12:00:00,237.60000610351562,237.64999389648438,237.0,237.19000244140625
2025-06-27,12:15:00,237.19000244140625,240.0,237.02000427246094,240.0
2025-06-27,12:30:00,240.0,241.5,239.5800018310547,240.08999633789062
2025-06-27,12:45:00,240.1300048828125,240.63999938964844,239.0500030517578,239.3000030517578
2025-06-27,13:00:00,239.3000030517578,241.10000610351562,239.0500030517578,240.7899932861328
2025-06-27,13:15:00,240.75,240.82000732421875,239.60000610351562,240.0800018310547
2025-06-27,13:30:00,240.0,241.3800048828125,239.8000030517578,241.3300018310547
2025-06-27,13:45:00,241.27999877929688,242.0500030517578,240.52000427246094,241.69000244140625
2025-06-27,14:00:00,241.6999969482422,242.0,240.61000061035156,241.33999633789062
2025-06-27,14:15:00,241.33999633789062,241.47000122070312,240.30999755859375,241.0
2025-06-27,14:30:00,241.11000061035156,241.3800048828125,240.52999877929688,240.89999389648438
2025-06-27,14:45:00,240.8000030517578,240.8000030517578,239.85000610351562,240.1300048828125
2025-06-27,15:00:00,240.08999633789062,240.3000030517578,238.8699951171875,239.39999389648438
2025-06-27,15:15:00,239.41000366210938,239.52999877929688,238.39999389648438,239.3800048828125
2025-06-30,09:15:00,241.85000610351562,245.5399932861328,241.85000610351562,243.4600067138672
2025-06-30,09:30:00,243.58999633789062,244.25,242.9199981689453,243.7100067138672
2025-06-30,09:45:00,243.5,245.8300018310547,243.49000549316406,245.24000549316406
2025-06-30,10:00:00,245.1199951171875,249.3800048828125,245.1199951171875,248.1699981689453
2025-06-30,10:15:00,248.14999389648438,249.8000030517578,248.14999389648438,248.38999938964844
2025-06-30,10:30:00,248.38999938964844,248.99000549316406,247.0500030517578,247.30999755859375
2025-06-30,10:45:00,247.3300018310547,247.89999389648438,246.0500030517578,247.33999633789062
2025-06-30,11:00:00,247.2100067138672,248.85000610351562,246.55999755859375,246.9199981689453
2025-06-30,11:15:00,246.77999877929688,247.11000061035156,245.3300018310547,246.86000061035156
2025-06-30,11:30:00,246.8699951171875,247.10000610351562,245.75,246.77999877929688
2025-06-30,11:45:00,246.77999877929688,246.77999877929688,245.5,246.19000244140625
2025-06-30,12:00:00,246.17999267578125,246.99000549316406,246.00999450683594,246.52000427246094
2025-06-30,12:15:00,246.50999450683594,246.64999389648438,245.5,245.7100067138672
2025-06-30,12:30:00,245.72999572753906,246.39999389648438,245.55999755859375,245.75
2025-06-30,12:45:00,245.6999969482422,247.0,245.69000244140625,245.77999877929688
2025-06-30,13:00:00,245.85000610351562,247.3000030517578,245.6999969482422,247.1999969482422
2025-06-30,13:15:00,247.05999755859375,247.6999969482422,246.64999389648438,247.2899932861328
2025-06-30,13:30:00,247.2899932861328,248.8000030517578,247.19000244140625,248.64999389648438
2025-06-30,13:45:00,248.61000061035156,248.8699951171875,248.0,248.75999450683594
2025-06-30,14:00:00,248.7100067138672,248.74000549316406,247.39999389648438,247.80999755859375
2025-06-30,14:15:00,247.94000244140625,248.88999938964844,247.83999633789062,248.35000610351562
2025-06-30,14:30:00,248.4199981689453,248.89999389648438,248.3000030517578,248.86000061035156
2025-06-30,14:45:00,248.89999389648438,249.39999389648438,247.7100067138672,248.27000427246094
2025-06-30,15:00:00,248.3300018310547,249.41000366210938,247.67999267578125,248.36000061035156
2025-06-30,15:15:00,248.30999755859375,248.9600067138672,247.75,248.47999572753906
2025-07-01,09:15:00,247.13999938964844,250.5,247.13999938964844,250.32000732421875
2025-07-01,09:30:00,250.33999633789062,251.39999389648438,249.5500030517578,251.0
2025-07-01,09:45:00,251.0,251.1699981689453,250.85000610351562,251.00999450683594
2025-07-01,10:00:00,251.0,251.10000610351562,250.02000427246094,251.0
2025-07-01,10:15:00,251.0,251.42999267578125,250.1300048828125,250.5
2025-07-01,10:30:00,250.5,252.0500030517578,250.5,251.55999755859375
2025-07-01,10:45:00,251.60000610351562,251.60000610351562,250.86000061035156,251.25999450683594
2025-07-01,11:00:00,251.1999969482422,252.25,251.00999450683594,252.0800018310547
2025-07-01,11:15:00,252.0,252.99000549316406,251.6199951171875,252.89999389648438
2025-07-01,11:30:00,252.92999267578125,253.94000244140625,252.47999572753906,253.3000030517578
2025-07-01,11:45:00,253.64999389648438,254.39999389648438,253.0399932861328,254.33999633789062
2025-07-01,12:00:00,254.35000610351562,254.47999572753906,253.74000549316406,254.38999938964844
2025-07-01,12:15:00,254.30999755859375,256.2200012207031,254.30999755859375,256.0
2025-07-01,12:30:00,256.010009765625,256.79998779296875,255.5399932861328,256.6099853515625
2025-07-01,12:45:00,256.6300048828125,256.6600036621094,256.3800048828125,256.57000732421875
2025-07-01,13:00:00,256.57000732421875,256.80999755859375,255.7899932861328,256.0
2025-07-01,13:15:00,256.0199890136719,257.25,256.0,257.1099853515625
2025-07-01,13:30:00,257.05999755859375,257.1499938964844,256.70001220703125,256.8800048828125
2025-07-01,13:45:00,256.79998779296875,257.1000061035156,256.7200012207031,257.0
2025-07-01,14:00:00,257.07000732421875,257.57000732421875,257.0199890136719,257.3900146484375
2025-07-01,14:15:00,257.010009765625,258.8399963378906,257.010009765625,258.7300109863281
2025-07-01,14:30:00,258.6600036621094,259.1700134277344,258.3999938964844,259.04998779296875
2025-07-01,14:45:00,259.0,259.4700012207031,259.0,259.20001220703125
2025-07-01,15:00:00,259.1700134277344,260.17999267578125,259.0199890136719,260.0199890136719
2025-07-01,15:15:00,260.0299987792969,260.6000061035156,259.5,260.0199890136719
2025-07-02,09:15:00,261.989990234375,266.8999938964844,258.1000061035156,261.54998779296875
2025-07-02,09:30:00,261.6099853515625,265.25,261.3800048828125,263.3999938964844
2025-07-02,09:45:00,263.2200012207031,263.82000732421875,262.3999938964844,262.54998779296875
2025-07-02,10:00:00,262.54998779296875,262.54998779296875,260.8999938964844,261.5
2025-07-02,10:15:00,261.5,261.5,260.0,260.5
2025-07-02,10:30:00,260.3800048828125,261.4800109863281,260.0,261.4599914550781
2025-07-02,10:45:00,261.4700012207031,263.0299987792969,261.1499938964844,262.3500061035156
2025-07-02,11:00:00,262.30999755859375,262.69000244140625,260.6000061035156,260.7699890136719
2025-07-02,11:15:00,260.79998779296875,260.8500061035156,258.239990234375,258.3699951171875
2025-07-02,11:30:00,258.3999938964844,259.8500061035156,258.239990234375,259.79998779296875
2025-07-02,11:45:00,259.8399963378906,260.0,258.1199951171875,258.5
2025-07-02,12:00:00,258.4100036621094,258.8900146484375,257.760009765625,258.6000061035156
2025-07-02,12:15:00,258.6000061035156,258.69000244140625,256.29998779296875,256.6000061035156
2025-07-02,12:30:00,256.6000061035156,256.760009765625,255.4199981689453,255.5
2025-07-02,12:45:00,255.80999755859375,255.82000732421875,253.86000061035156,254.0
2025-07-02,13:00:00,254.0,254.50999450683594,253.2100067138672,253.35000610351562
2025-07-02,13:15:00,253.3000030517578,253.5800018310547,252.1999969482422,252.1999969482422
2025-07-02,13:30:00,252.1999969482422,252.57000732421875,249.6999969482422,250.02999877929688
2025-07-02,13:45:00,250.00999450683594,251.77000427246094,249.8000030517578,250.61000061035156
2025-07-02,14:00:00,250.61000061035156,253.0,250.3800048828125,252.7100067138672
2025-07-02,14:15:00,252.7100067138672,252.8000030517578,251.25,252.0399932861328
2025-07-02,14:30:00,252.02999877929688,252.19000244140625,249.3699951171875,249.88999938964844
2025-07-02,14:45:00,249.89999389648438,250.0,249.0,249.6999969482422
2025-07-02,15:00:00,249.6999969482422,250.4499969482422,248.74000549316406,248.75
2025-07-02,15:15:00,248.75,249.99000549316406,248.2899932861328,249.5
2025-07-03,09:15:00,249.27000427246094,250.61000061035156,248.41000366210938,249.83999633789062
2025-07-03,09:30:00,249.83999633789062,251.86000061035156,249.83999633789062,250.14999389648438
2025-07-03,09:45:00,250.17999267578125,250.32000732421875,249.7100067138672,249.83999633789062
2025-07-03,10:00:00,249.85000610351562,250.77999877929688,249.72000122070312,250.47999572753906
2025-07-03,10:15:00,250.4499969482422,252.0500030517578,250.4499969482422,251.9600067138672
2025-07-03,10:30:00,251.9499969482422,254.0,251.75,253.99000549316406
2025-07-03,10:45:00,253.94000244140625,256.7099914550781,253.94000244140625,255.91000366210938
2025-07-03,11:00:00,255.91000366210938,256.0899963378906,254.38999938964844,254.64999389648438
2025-07-03,11:15:00,254.7100067138672,255.5800018310547,254.22999572753906,255.00999450683594
2025-07-03,11:30:00,255.0500030517578,255.9600067138672,254.8699951171875,255.49000549316406
2025-07-03,11:45:00,255.55999755859375,256.3900146484375,255.27000427246094,255.72000122070312
2025-07-03,12:00:00,255.8000030517578,256.5,254.9499969482422,256.3999938964844
2025-07-03,12:15:00,256.3999938964844,256.44000244140625,255.60000610351562,255.75999450683594
2025-07-03,12:30:00,255.86000061035156,257.30999755859375,254.5500030517578,256.3399963378906
2025-07-03,12:45:00,256.239990234375,256.3999938964844,254.92999267578125,255.7899932861328
2025-07-03,13:00:00,255.57000732421875,256.239990234375,255.47000122070312,255.5800018310547
2025-07-03,13:15:00,255.58999633789062,255.8000030517578,254.3000030517578,254.8800048828125
2025-07-03,13:30:00,254.88999938964844,255.36000061035156,254.4600067138672,254.9199981689453
2025-07-03,13:45:00,254.82000732421875,255.0399932861328,253.89999389648438,254.97999572753906
2025-07-03,14:00:00,255.02000427246094,255.25,254.41000366210938,254.9600067138672
2025-07-03,14:15:00,255.0,255.1300048828125,254.5500030517578,254.8300018310547
2025-07-03,14:30:00,254.75999450683594,255.0500030517578,253.9499969482422,254.80999755859375
2025-07-03,14:45:00,254.86000061035156,255.0500030517578,254.35000610351562,254.47999572753906
2025-07-03,15:00:00,254.47999572753906,254.55999755859375,252.77999877929688,253.1999969482422
2025-07-03,15:15:00,253.07000732421875,253.4499969482422,250.33999633789062,252.66000366210938
2025-07-04,09:15:00,252.99000549316406,255.88999938964844,252.1199951171875,255.39999389648438
2025-07-04,09:30:00,255.39999389648438,256.2200012207031,254.57000732421875,255.39999389648438
2025-07-04,09:45:00,255.36000061035156,255.9499969482422,254.6999969482422,254.85000610351562
2025-07-04,10:00:00,254.97999572753906,255.5,253.1999969482422,253.27000427246094
2025-07-04,10:15:00,253.35000610351562,253.89999389648438,253.10000610351562,253.47999572753906
2025-07-04,10:30:00,253.5,253.66000366210938,253.08999633789062,253.1999969482422
2025-07-04,10:45:00,253.3000030517578,253.39999389648438,252.75999450683594,253.36000061035156
2025-07-04,11:00:00,253.3800048828125,253.3800048828125,252.8300018310547,253.2899932861328
2025-07-04,11:15:00,253.35000610351562,253.35000610351562,252.19000244140625,252.8000030517578
2025-07-04,11:30:00,252.8000030517578,253.0,251.6999969482422,252.30999755859375
2025-07-04,11:45:00,252.13999938964844,252.22999572753906,250.52999877929688,250.55999755859375
2025-07-04,12:00:00,250.60000610351562,251.17999267578125,249.60000610351562,251.14999389648438
2025-07-04,12:15:00,251.1699981689453,251.24000549316406,250.49000549316406,250.80999755859375
2025-07-04,12:30:00,250.80999755859375,251.5,250.80999755859375,251.39999389648438
2025-07-04,12:45:00,251.35000610351562,251.6999969482422,251.1999969482422,251.3000030517578
2025-07-04,13:00:00,251.25,251.75,251.1999969482422,251.63999938964844
2025-07-04,13:15:00,251.66000366210938,251.75999450683594,251.27000427246094,251.5500030517578
2025-07-04,13:30:00,251.55999755859375,252.7899932861328,251.14999389648438,252.22999572753906
2025-07-04,13:45:00,252.1199951171875,254.52000427246094,252.11000061035156,254.35000610351562
2025-07-04,14:00:00,254.3000030517578,254.4499969482422,253.55999755859375,254.1199951171875
2025-07-04,14:15:00,254.1699981689453,254.27999877929688,251.64999389648438,251.82000732421875
2025-07-04,14:30:00,251.8000030517578,252.25,251.4499969482422,251.77000427246094
2025-07-04,14:45:00,251.77000427246094,253.83999633789062,251.63999938964844,253.8300018310547
2025-07-04,15:00:00,253.8800048828125,254.00999450683594,253.0399932861328,253.60000610351562
2025-07-04,15:15:00,253.55999755859375,254.39999389648438,253.41000366210938,253.83999633789062
2025-07-07,09:15:00,253.00999450683594,255.97999572753906,252.92999267578125,254.25999450683594
2025-07-07,09:30:00,254.3699951171875,255.88999938964844,254.3699951171875,255.22000122070312
2025-07-07,09:45:00,255.19000244140625,255.97000122070312,254.4199981689453,255.1999969482422
2025-07-07,10:00:00,255.24000549316406,255.5,254.61000061035156,254.6199951171875
2025-07-07,10:15:00,254.74000549316406,254.77999877929688,253.8000030517578,253.8000030517578
2025-07-07,10:30:00,253.8000030517578,255.19000244140625,253.13999938964844,255.13999938964844
2025-07-07,10:45:00,255.13999938964844,255.24000549316406,254.6699981689453,254.97999572753906
2025-07-07,11:00:00,254.99000549316406,255.0,254.6999969482422,254.9499969482422
2025-07-07,11:15:00,255.0,255.32000732421875,254.88999938964844,255.02000427246094
2025-07-07,11:30:00,255.14999389648438,255.14999389648438,254.00999450683594,254.5399932861328
2025-07-07,11:45:00,254.64999389648438,254.66000366210938,252.83999633789062,253.0
2025-07-07,12:00:00,253.0,253.0,251.85000610351562,252.0
2025-07-07,12:15:00,251.97000122070312,252.02000427246094,250.91000366210938,250.99000549316406
2025-07-07,12:30:00,251.0,251.75999450683594,250.85000610351562,251.33999633789062
2025-07-07,12:45:00,251.39999389648438,251.4199981689453,250.6999969482422,250.8000030517578
2025-07-07,13:00:00,250.8000030517578,251.0,250.6999969482422,251.0
2025-07-07,13:15:00,250.8800048828125,251.0,250.60000610351562,250.6999969482422
2025-07-07,13:30:00,250.69000244140625,250.91000366210938,250.10000610351562,250.88999938964844
2025-07-07,13:45:00,250.86000061035156,251.5,250.66000366210938,251.1999969482422
2025-07-07,14:00:00,251.10000610351562,251.7899932861328,251.10000610351562,251.64999389648438
2025-07-07,14:15:00,251.50999450683594,252.77000427246094,251.39999389648438,252.64999389648438
2025-07-07,14:30:00,252.64999389648438,253.27999877929688,252.30999755859375,253.1999969482422
2025-07-07,14:45:00,253.0500030517578,256.0,252.97999572753906,255.99000549316406
2025-07-07,15:00:00,255.8300018310547,256.3999938964844,253.08999633789062,253.27000427246094
2025-07-07,15:15:00,253.39999389648438,254.6199951171875,253.0,254.6199951171875
2025-07-08,09:15:00,253.5800018310547,254.35000610351562,252.72999572753906,254.1199951171875
2025-07-08,09:30:00,254.1300048828125,254.75999450683594,253.25,253.63999938964844
2025-07-08,09:45:00,253.60000610351562,254.14999389648438,253.1300048828125,253.2899932861328
2025-07-08,10:00:00,253.3800048828125,253.58999633789062,253.0,253.2899932861328
2025-07-08,10:15:00,253.39999389648438,254.1999969482422,253.32000732421875,253.5800018310547
2025-07-08,10:30:00,253.72000122070312,253.92999267578125,253.0800018310547,253.1199951171875
2025-07-08,10:45:00,253.1199951171875,253.25999450683594,252.39999389648438,252.75999450683594
2025-07-08,11:00:00,252.77000427246094,252.97999572753906,251.0500030517578,251.39999389648438
2025-07-08,11:15:00,251.25999450683594,252.52000427246094,251.1199951171875,252.52000427246094
2025-07-08,11:30:00,252.89999389648438,253.3000030517578,252.47000122070312,252.72000122070312
2025-07-08,11:45:00,252.77999877929688,252.97000122070312,252.25,252.83999633789062
2025-07-08,12:00:00,252.83999633789062,253.16000366210938,250.63999938964844,251.3300018310547
2025-07-08,12:15:00,251.3300018310547,252.44000244140625,251.32000732421875,252.1199951171875
2025-07-08,12:30:00,252.13999938964844,253.14999389648438,252.13999938964844,252.89999389648438
2025-07-08,12:45:00,252.89999389648438,253.1199951171875,252.89999389648438,253.00999450683594
2025-07-08,13:00:00,253.00999450683594,253.0800018310547,252.3300018310547,253.0
2025-07-08,13:15:00,253.02999877929688,253.02999877929688,251.8800048828125,251.88999938964844
2025-07-08,13:30:00,251.88999938964844,251.97000122070312,250.64999389648438,251.00999450683594
2025-07-08,13:45:00,251.13999938964844,251.24000549316406,250.69000244140625,250.7899932861328
2025-07-08,14:00:00,250.7899932861328,250.99000549316406,250.0,250.25999450683594
2025-07-08,14:15:00,250.32000732421875,250.61000061035156,250.0,250.1199951171875
2025-07-08,14:30:00,250.1199951171875,250.41000366210938,250.0,250.14999389648438
2025-07-08,14:45:00,250.10000610351562,250.27000427246094,250.0,250.1699981689453
2025-07-08,15:00:00,250.1699981689453,250.25,250.0,250.16000366210938
2025-07-08,15:15:00,250.16000366210938,250.38999938964844,249.75,249.89999389648438
2025-07-09,09:15:00,250.0,251.6999969482422,249.9600067138672,250.41000366210938
2025-07-09,09:30:00,250.44000244140625,252.64999389648438,250.41000366210938,252.5500030517578
2025-07-09,09:45:00,252.5500030517578,252.5500030517578,251.07000732421875,251.82000732421875
2025-07-09,10:00:00,251.72000122070312,255.39999389648438,251.6199951171875,255.0399932861328
2025-07-09,10:15:00,255.0399932861328,255.6999969482422,254.5800018310547,255.6999969482422
2025-07-09,10:30:00,255.55999755859375,256.20001220703125,255.14999389648438,255.83999633789062
2025-07-09,10:45:00,255.69000244140625,258.1499938964844,255.69000244140625,256.4700012207031
2025-07-09,11:00:00,256.4800109863281,257.05999755859375,256.1099853515625,256.8800048828125
2025-07-09,11:15:00,256.8900146484375,257.25,256.75,256.7900085449219
2025-07-09,11:30:00,256.7200012207031,257.0,256.6700134277344,256.7699890136719
2025-07-09,11:45:00,256.79998779296875,258.0199890136719,256.6000061035156,257.8800048828125
2025-07-09,12:00:00,257.9700012207031,258.20001220703125,257.54998779296875,257.8399963378906
2025-07-09,12:15:00,257.8800048828125,258.0,257.5,257.6000061035156
2025-07-09,12:30:00,257.69000244140625,257.8999938964844,257.5400085449219,257.7799987792969
2025-07-09,12:45:00,257.75,258.3999938964844,257.54998779296875,258.0
2025-07-09,13:00:00,257.9100036621094,258.17999267578125,257.239990234375,257.8500061035156
2025-07-09,13:15:00,257.8500061035156,257.8500061035156,256.8999938964844,256.8999938964844
2025-07-09,13:30:00,257.0,257.25,256.760009765625,256.8999938964844
2025-07-09,13:45:00,257.0,257.760009765625,256.79998779296875,257.739990234375
2025-07-09,14:00:00,257.70001220703125,258.2900085449219,257.6000061035156,258.17999267578125
2025-07-09,14:15:00,258.1300048828125,260.8299865722656,258.1300048828125,260.5299987792969
2025-07-09,14:30:00,260.510009765625,261.5,259.8699951171875,261.2200012207031
2025-07-09,14:45:00,261.19000244140625,261.45001220703125,260.1000061035156,260.79998779296875
2025-07-09,15:00:00,260.7900085449219,261.25,260.1400146484375,260.75
2025-07-09,15:15:00,260.7099914550781,260.8999938964844,260.25,260.6099853515625
2025-07-10,09:15:00,258.2200012207031,259.1400146484375,257.7200012207031,258.3900146484375
2025-07-10,09:30:00,258.3999938964844,260.8800048828125,258.3999938964844,260.5400085449219
2025-07-10,09:45:00,260.54998779296875,261.8299865722656,259.3299865722656,259.3999938964844
2025-07-10,10:00:00,259.3500061035156,260.6499938964844,259.3500061035156,259.8900146484375
2025-07-10,10:15:00,259.79998779296875,260.5,259.75,260.5
2025-07-10,10:30:00,260.44000244140625,260.75,259.6300048828125,259.70001220703125
2025-07-10,10:45:00,259.70001220703125,259.75,257.8500061035156,258.2300109863281
2025-07-10,11:00:00,258.04998779296875,258.04998779296875,256.3299865722656,257.1300048828125
2025-07-10,11:15:00,257.32000732421875,257.7099914550781,256.3800048828125,256.45001220703125
2025-07-10,11:30:00,256.42999267578125,256.489990234375,254.89999389648438,255.1300048828125
2025-07-10,11:45:00,255.13999938964844,255.4499969482422,254.0,254.3000030517578
2025-07-10,12:00:00,254.30999755859375,254.30999755859375,253.0,253.72999572753906
2025-07-10,12:15:00,253.74000549316406,254.52999877929688,252.89999389648438,253.2899932861328
2025-07-10,12:30:00,253.30999755859375,254.0,253.24000549316406,253.64999389648438
2025-07-10,12:45:00,253.77999877929688,253.9600067138672,253.58999633789062,253.80999755859375
2025-07-10,13:00:00,253.8000030517578,253.8300018310547,253.3800048828125,253.75999450683594
2025-07-10,13:15:00,253.75,255.33999633789062,253.5800018310547,254.64999389648438
2025-07-10,13:30:00,254.61000061035156,254.8000030517578,253.9499969482422,254.5
2025-07-10,13:45:00,254.5,254.58999633789062,254.14999389648438,254.17999267578125
2025-07-10,14:00:00,254.3000030517578,254.75,254.14999389648438,254.25
2025-07-10,14:15:00,254.25,254.39999389648438,254.14999389648438,254.3000030517578
2025-07-10,14:30:00,254.24000549316406,254.3000030517578,253.39999389648438,253.8800048828125
2025-07-10,14:45:00,253.8800048828125,254.25,253.25999450683594,253.58999633789062
2025-07-10,15:00:00,253.58999633789062,254.35000610351562,253.25999450683594,254.30999755859375
2025-07-10,15:15:00,254.33999633789062,256.0,254.16000366210938,255.60000610351562
2025-07-11,09:15:00,254.25,257.7699890136719,254.25,257.07000732421875
2025-07-11,09:30:00,257.07000732421875,257.07000732421875,254.1999969482422,254.4499969482422
2025-07-11,09:45:00,254.57000732421875,254.57000732421875,252.8000030517578,252.8000030517578
2025-07-11,10:00:00,252.8000030517578,253.33999633789062,252.60000610351562,253.22000122070312
2025-07-11,10:15:00,253.22000122070312,253.39999389648438,252.36000061035156,253.16000366210938
2025-07-11,10:30:00,253.1699981689453,255.1999969482422,253.0,254.11000061035156
2025-07-11,10:45:00,254.00999450683594,254.85000610351562,253.5500030517578,253.75
2025-07-11,11:00:00,253.83999633789062,257.17999267578125,253.44000244140625,256.7900085449219
2025-07-11,11:15:00,256.760009765625,258.70001220703125,256.7099914550781,258.239990234375
2025-07-11,11:30:00,258.2099914550781,259.8500061035156,258.2099914550781,259.2900085449219
2025-07-11,11:45:00,259.2900085449219,259.4200134277344,259.0,259.260009765625
2025-07-11,12:00:00,259.4800109863281,259.989990234375,259.4599914550781,259.94000244140625
2025-07-11,12:15:00,259.9800109863281,259.989990234375,259.57000732421875,259.7099914550781
2025-07-11,12:30:00,259.7099914550781,263.6000061035156,259.6099853515625,263.3999938964844
2025-07-11,12:45:00,263.4100036621094,263.5899963378906,262.1600036621094,263.1700134277344
2025-07-11,13:00:00,263.6000061035156,263.9700012207031,262.29998779296875,263.04998779296875
2025-07-11,13:15:00,263.04998779296875,263.79998779296875,262.42999267578125,263.489990234375
2025-07-11,13:30:00,263.4700012207031,264.1499938964844,263.0400085449219,263.30999755859375
2025-07-11,13:45:00,263.30999755859375,263.8299865722656,263.010009765625,263.05999755859375
2025-07-11,14:00:00,263.05999755859375,263.29998779296875,260.739990234375,261.0
2025-07-11,14:15:00,260.9700012207031,261.1300048828125,260.010009765625,260.0799865722656
2025-07-11,14:30:00,260.0799865722656,260.8999938964844,260.0,260.75
2025-07-11,14:45:00,260.8900146484375,262.70001220703125,260.79998779296875,262.29998779296875
2025-07-11,15:00:00,262.4100036621094,265.760009765625,262.4100036621094,264.2200012207031
2025-07-11,15:15:00,264.3399963378906,264.79998779296875,262.6000061035156,262.70001220703125
