Date,Time,Open,High,Low,Close
2025-05-16,03:45:00,38.88999938964844,42.0,38.88999938964844,42.0
2025-05-16,03:50:00,41.7400016784668,41.7400016784668,41.7400016784668,41.7400016784668
2025-05-16,03:55:00,41.47999954223633,41.47999954223633,40.5099983215332,40.5099983215332
2025-05-16,04:00:00,40.54999923706055,40.849998474121094,40.54999923706055,40.849998474121094
2025-05-16,04:05:00,40.849998474121094,40.849998474121094,40.849998474121094,40.849998474121094
2025-05-16,04:10:00,40.599998474121094,40.599998474121094,40.59000015258789,40.59000015258789
2025-05-16,04:15:00,40.599998474121094,40.849998474121094,40.5,40.5
2025-05-16,04:20:00,40.720001220703125,40.849998474121094,40.720001220703125,40.849998474121094
2025-05-16,04:25:00,40.5,40.5,40.5,40.5
2025-05-16,04:30:00,40.75,40.849998474121094,40.75,40.84000015258789
2025-05-16,04:35:00,40.5,40.5,40.459999084472656,40.459999084472656
2025-05-16,04:40:00,40.459999084472656,40.5,40.459999084472656,40.5
2025-05-16,04:50:00,40.529998779296875,40.54999923706055,40.529998779296875,40.54999923706055
2025-05-16,05:10:00,40.11000061035156,40.11000061035156,40.11000061035156,40.11000061035156
2025-05-16,05:15:00,40.11000061035156,40.11000061035156,40.11000061035156,40.11000061035156
2025-05-16,05:20:00,40.150001525878906,40.38999938964844,40.11000061035156,40.20000076293945
2025-05-16,05:25:00,40.25,40.25,40.25,40.25
2025-05-16,05:35:00,40.459999084472656,40.5,40.0099983215332,40.0099983215332
2025-05-16,05:40:00,40.029998779296875,40.029998779296875,40.029998779296875,40.029998779296875
2025-05-16,05:50:00,40.470001220703125,40.470001220703125,40.470001220703125,40.470001220703125
2025-05-16,05:55:00,40.45000076293945,40.45000076293945,40.099998474121094,40.099998474121094
2025-05-16,06:00:00,40.29999923706055,40.439998626708984,39.79999923706055,40.0
2025-05-16,06:05:00,40.0,40.400001525878906,40.0,40.0099983215332
2025-05-16,06:10:00,40.029998779296875,40.400001525878906,40.02000045776367,40.29999923706055
2025-05-16,06:15:00,40.400001525878906,40.400001525878906,39.900001525878906,40.0
2025-05-16,06:20:00,40.310001373291016,40.400001525878906,39.810001373291016,40.060001373291016
2025-05-16,06:25:00,40.060001373291016,40.209999084472656,40.060001373291016,40.209999084472656
2025-05-16,06:35:00,40.400001525878906,40.41999816894531,40.029998779296875,40.099998474121094
2025-05-16,06:40:00,40.06999969482422,40.54999923706055,40.06999969482422,40.349998474121094
2025-05-16,06:45:00,40.27000045776367,40.5,40.189998626708984,40.20000076293945
2025-05-16,06:55:00,40.099998474121094,40.099998474121094,40.099998474121094,40.099998474121094
2025-05-16,07:00:00,40.11000061035156,40.11000061035156,40.11000061035156,40.11000061035156
2025-05-16,07:10:00,40.11000061035156,40.11000061035156,40.11000061035156,40.11000061035156
2025-05-16,07:20:00,40.11000061035156,40.279998779296875,40.11000061035156,40.209999084472656
2025-05-16,07:25:00,40.099998474121094,40.099998474121094,40.09000015258789,40.09000015258789
2025-05-16,07:30:00,40.29999923706055,40.29999923706055,39.75,40.0
2025-05-16,07:40:00,40.0,40.0,39.880001068115234,40.0
2025-05-16,07:45:00,39.869998931884766,39.869998931884766,39.81999969482422,39.83000183105469
2025-05-16,07:55:00,40.0,40.0,40.0,40.0
2025-05-16,08:00:00,40.0,40.0,40.0,40.0
2025-05-16,08:05:00,40.0,40.0,40.0,40.0
2025-05-16,08:10:00,40.0,40.0,40.0,40.0
2025-05-16,08:15:00,39.95000076293945,39.95000076293945,39.95000076293945,39.95000076293945
2025-05-16,08:20:00,39.95000076293945,40.0,39.95000076293945,40.0
2025-05-16,08:35:00,40.0,40.0,39.939998626708984,39.939998626708984
2025-05-16,08:40:00,39.939998626708984,39.939998626708984,39.939998626708984,39.939998626708984
2025-05-16,08:45:00,40.54999923706055,40.54999923706055,40.54999923706055,40.54999923706055
2025-05-16,08:50:00,40.560001373291016,40.560001373291016,40.560001373291016,40.560001373291016
2025-05-16,08:55:00,40.38999938964844,40.40999984741211,40.0099983215332,40.0099983215332
2025-05-16,09:00:00,40.36000061035156,40.369998931884766,40.13999938964844,40.2400016784668
2025-05-16,09:05:00,40.349998474121094,40.849998474121094,40.349998474121094,40.849998474121094
2025-05-16,09:15:00,40.5,40.5,40.31999969482422,40.31999969482422
2025-05-16,09:20:00,40.59000015258789,40.59000015258789,40.0,40.0
2025-05-16,09:30:00,39.9900016784668,39.9900016784668,39.880001068115234,39.880001068115234
2025-05-16,09:35:00,40.0,40.45000076293945,40.0,40.45000076293945
2025-05-16,09:45:00,41.0,41.0,41.0,41.0
2025-05-16,09:50:00,40.97999954223633,40.97999954223633,40.97999954223633,40.97999954223633
2025-05-16,09:55:00,40.93000030517578,40.959999084472656,40.4900016784668,40.4900016784668
2025-05-19,03:45:00,41.0,42.0,41.0,41.95000076293945
2025-05-19,03:50:00,41.95000076293945,41.95000076293945,41.61000061035156,41.61000061035156
2025-05-19,03:55:00,41.41999816894531,41.41999816894531,41.41999816894531,41.41999816894531
2025-05-19,04:00:00,41.43000030517578,41.599998474121094,41.43000030517578,41.599998474121094
2025-05-19,04:10:00,41.59000015258789,41.59000015258789,41.41999816894531,41.41999816894531
2025-05-19,04:20:00,41.25,41.25,41.25,41.25
2025-05-19,04:25:00,41.02000045776367,41.02000045776367,41.02000045776367,41.02000045776367
2025-05-19,04:30:00,41.0,41.0,41.0,41.0
2025-05-19,04:55:00,41.099998474121094,41.099998474121094,40.939998626708984,40.939998626708984
2025-05-19,05:00:00,40.91999816894531,41.18000030517578,40.02000045776367,40.9900016784668
2025-05-19,05:05:00,41.0,41.0,41.0,41.0
2025-05-19,05:10:00,40.720001220703125,40.720001220703125,40.279998779296875,40.279998779296875
2025-05-19,05:15:00,40.279998779296875,40.279998779296875,40.279998779296875,40.279998779296875
2025-05-19,05:20:00,40.279998779296875,40.279998779296875,40.279998779296875,40.279998779296875
2025-05-19,05:25:00,40.279998779296875,40.279998779296875,40.279998779296875,40.279998779296875
2025-05-19,05:40:00,40.029998779296875,40.279998779296875,40.029998779296875,40.279998779296875
2025-05-19,05:45:00,41.25,41.25,40.58000183105469,40.58000183105469
2025-05-19,05:50:00,40.61000061035156,40.61000061035156,40.61000061035156,40.61000061035156
2025-05-19,06:00:00,40.279998779296875,40.29999923706055,40.279998779296875,40.29999923706055
2025-05-19,06:05:00,40.95000076293945,40.95000076293945,40.040000915527344,40.040000915527344
2025-05-19,06:10:00,40.29999923706055,42.400001525878906,40.2400016784668,42.400001525878906
2025-05-19,06:15:00,42.47999954223633,43.4900016784668,42.0,43.099998474121094
2025-05-19,06:20:00,43.11000061035156,43.11000061035156,42.150001525878906,42.310001373291016
2025-05-19,06:25:00,42.59000015258789,42.9900016784668,40.349998474121094,40.720001220703125
2025-05-19,06:30:00,40.709999084472656,41.0,40.63999938964844,40.9900016784668
2025-05-19,06:35:00,41.20000076293945,41.95000076293945,41.20000076293945,41.95000076293945
2025-05-19,06:40:00,41.04999923706055,41.790000915527344,41.04999923706055,41.29999923706055
2025-05-19,06:45:00,41.29999923706055,41.29999923706055,41.099998474121094,41.099998474121094
2025-05-19,06:50:00,41.779998779296875,41.779998779296875,40.52000045776367,40.540000915527344
2025-05-19,06:55:00,40.95000076293945,42.0,40.25,42.0
2025-05-19,07:00:00,42.0,42.15999984741211,42.0,42.15999984741211
2025-05-19,07:05:00,41.56999969482422,41.779998779296875,41.459999084472656,41.77000045776367
2025-05-19,07:10:00,41.779998779296875,42.0,41.7599983215332,41.7599983215332
2025-05-19,07:15:00,41.7599983215332,42.09000015258789,41.75,41.790000915527344
2025-05-19,07:20:00,42.06999969482422,42.06999969482422,41.790000915527344,41.849998474121094
2025-05-19,07:30:00,42.099998474121094,42.099998474121094,42.04999923706055,42.04999923706055
2025-05-19,07:35:00,41.9900016784668,41.9900016784668,41.9900016784668,41.9900016784668
2025-05-19,07:40:00,41.529998779296875,41.529998779296875,41.5099983215332,41.5099983215332
2025-05-19,07:45:00,41.220001220703125,41.880001068115234,41.220001220703125,41.5
2025-05-19,07:50:00,41.5,41.5,41.5,41.5
2025-05-19,07:55:00,41.540000915527344,41.540000915527344,41.540000915527344,41.540000915527344
2025-05-19,08:05:00,41.720001220703125,41.720001220703125,41.720001220703125,41.720001220703125
2025-05-19,08:10:00,41.72999954223633,41.75,41.72999954223633,41.75
2025-05-19,08:20:00,41.75,41.75,41.75,41.75
2025-05-19,08:30:00,41.779998779296875,41.779998779296875,41.779998779296875,41.779998779296875
2025-05-19,08:45:00,41.689998626708984,41.70000076293945,41.68000030517578,41.68000030517578
2025-05-19,08:50:00,41.75,41.75,41.7400016784668,41.7400016784668
2025-05-19,09:00:00,41.75,41.75,41.52000045776367,41.52000045776367
2025-05-19,09:05:00,41.540000915527344,41.540000915527344,41.540000915527344,41.540000915527344
2025-05-19,09:25:00,41.540000915527344,42.18000030517578,41.540000915527344,42.18000030517578
2025-05-19,09:30:00,42.16999816894531,42.18000030517578,42.16999816894531,42.16999816894531
2025-05-19,09:35:00,42.16999816894531,42.16999816894531,41.61000061035156,41.61000061035156
2025-05-19,09:40:00,41.5,41.5,40.84000015258789,40.84000015258789
2025-05-19,09:45:00,41.0,41.900001525878906,41.0,41.900001525878906
2025-05-19,09:50:00,41.9900016784668,41.9900016784668,41.7599983215332,41.7599983215332
2025-05-19,09:55:00,40.65999984741211,41.5,40.65999984741211,41.470001220703125
2025-05-20,03:45:00,41.470001220703125,41.470001220703125,41.470001220703125,41.470001220703125
2025-05-20,03:55:00,42.18000030517578,42.18000030517578,42.18000030517578,42.18000030517578
2025-05-20,04:00:00,41.900001525878906,41.900001525878906,41.900001525878906,41.900001525878906
2025-05-20,04:05:00,41.95000076293945,41.97999954223633,41.619998931884766,41.97999954223633
2025-05-20,04:10:00,41.849998474121094,41.849998474121094,41.849998474121094,41.849998474121094
2025-05-20,04:15:00,41.97999954223633,41.97999954223633,41.97999954223633,41.97999954223633
2025-05-20,04:20:00,41.97999954223633,41.97999954223633,41.97999954223633,41.97999954223633
2025-05-20,04:25:00,41.97999954223633,41.97999954223633,41.97999954223633,41.97999954223633
2025-05-20,04:40:00,42.119998931884766,42.119998931884766,41.599998474121094,41.70000076293945
2025-05-20,04:45:00,41.70000076293945,42.09000015258789,41.70000076293945,41.90999984741211
2025-05-20,04:50:00,41.900001525878906,42.0,41.61000061035156,41.79999923706055
2025-05-20,04:55:00,41.79999923706055,41.79999923706055,41.79999923706055,41.79999923706055
2025-05-20,05:00:00,41.79999923706055,41.79999923706055,41.79999923706055,41.79999923706055
2025-05-20,05:05:00,41.79999923706055,42.099998474121094,41.79999923706055,42.099998474121094
2025-05-20,05:10:00,42.029998779296875,42.31999969482422,41.75,41.9900016784668
2025-05-20,05:25:00,41.81999969482422,41.81999969482422,41.81999969482422,41.81999969482422
2025-05-20,05:50:00,41.900001525878906,42.18000030517578,41.83000183105469,42.150001525878906
2025-05-20,05:55:00,42.0099983215332,42.0099983215332,42.0099983215332,42.0099983215332
2025-05-20,06:05:00,42.0,42.0,42.0,42.0
2025-05-20,06:10:00,42.0,42.0,42.0,42.0
2025-05-20,06:20:00,41.900001525878906,41.900001525878906,41.79999923706055,41.79999923706055
2025-05-20,06:25:00,41.41999816894531,41.41999816894531,41.41999816894531,41.41999816894531
2025-05-20,06:40:00,41.790000915527344,41.79999923706055,41.7599983215332,41.79999923706055
2025-05-20,06:45:00,41.79999923706055,41.79999923706055,41.79999923706055,41.79999923706055
2025-05-20,07:00:00,41.79999923706055,41.79999923706055,41.79999923706055,41.79999923706055
2025-05-20,07:05:00,41.79999923706055,41.79999923706055,41.79999923706055,41.79999923706055
2025-05-20,07:50:00,41.810001373291016,41.810001373291016,41.40999984741211,41.40999984741211
2025-05-20,07:55:00,41.900001525878906,41.900001525878906,41.900001525878906,41.900001525878906
2025-05-20,08:00:00,41.88999938964844,41.88999938964844,41.880001068115234,41.880001068115234
2025-05-20,08:05:00,41.88999938964844,41.88999938964844,41.88999938964844,41.88999938964844
2025-05-20,08:10:00,41.880001068115234,41.880001068115234,41.880001068115234,41.880001068115234
2025-05-20,08:25:00,41.880001068115234,41.880001068115234,41.880001068115234,41.880001068115234
2025-05-20,08:30:00,42.56999969482422,42.56999969482422,42.56999969482422,42.56999969482422
2025-05-20,08:35:00,42.150001525878906,43.29999923706055,42.150001525878906,42.209999084472656
2025-05-20,08:40:00,42.5,42.5,42.5,42.5
2025-05-20,08:45:00,42.209999084472656,43.29999923706055,42.20000076293945,42.61000061035156
2025-05-20,08:50:00,42.43000030517578,42.43000030517578,42.43000030517578,42.43000030517578
2025-05-20,08:55:00,42.29999923706055,43.0,42.29999923706055,43.0
2025-05-20,09:00:00,43.29999923706055,43.29999923706055,42.47999954223633,42.47999954223633
2025-05-20,09:05:00,42.619998931884766,42.619998931884766,42.619998931884766,42.619998931884766
2025-05-20,09:10:00,42.560001373291016,42.560001373291016,42.560001373291016,42.560001373291016
2025-05-20,09:20:00,43.0,43.189998626708984,42.349998474121094,42.83000183105469
2025-05-20,09:25:00,42.849998474121094,43.29999923706055,42.849998474121094,43.290000915527344
2025-05-20,09:30:00,43.290000915527344,43.290000915527344,43.0,43.0
2025-05-20,09:35:00,43.0,43.0,42.349998474121094,42.93000030517578
2025-05-20,09:40:00,42.9900016784668,43.290000915527344,42.54999923706055,42.650001525878906
2025-05-20,09:45:00,42.63999938964844,43.22999954223633,42.400001525878906,42.880001068115234
2025-05-20,09:50:00,42.439998626708984,43.95000076293945,42.439998626708984,43.56999969482422
2025-05-20,09:55:00,43.5099983215332,43.900001525878906,43.36000061035156,43.36000061035156
2025-05-21,03:45:00,43.029998779296875,43.029998779296875,42.33000183105469,42.86000061035156
2025-05-21,03:50:00,42.650001525878906,42.95000076293945,42.45000076293945,42.47999954223633
2025-05-21,03:55:00,42.40999984741211,42.95000076293945,42.25,42.58000183105469
2025-05-21,04:00:00,42.650001525878906,42.93000030517578,42.52000045776367,42.77000045776367
2025-05-21,04:05:00,42.91999816894531,42.91999816894531,42.619998931884766,42.619998931884766
2025-05-21,04:10:00,42.88999938964844,42.93000030517578,42.88999938964844,42.93000030517578
2025-05-21,04:15:00,42.939998626708984,42.939998626708984,42.529998779296875,42.630001068115234
2025-05-21,04:20:00,42.63999938964844,42.790000915527344,42.599998474121094,42.65999984741211
2025-05-21,04:25:00,42.75,42.939998626708984,42.70000076293945,42.70000076293945
2025-05-21,04:30:00,42.709999084472656,42.79999923706055,42.709999084472656,42.79999923706055
2025-05-21,04:35:00,42.810001373291016,42.810001373291016,42.810001373291016,42.810001373291016
2025-05-21,04:40:00,42.79999923706055,42.79999923706055,42.29999923706055,42.29999923706055
2025-05-21,04:45:00,42.58000183105469,42.790000915527344,42.58000183105469,42.790000915527344
2025-05-21,04:50:00,42.25,42.619998931884766,42.25,42.5099983215332
2025-05-21,04:55:00,42.5,42.5,42.5,42.5
2025-05-21,05:00:00,42.5,42.5,42.5,42.5
2025-05-21,05:05:00,42.59000015258789,42.59000015258789,42.59000015258789,42.59000015258789
2025-05-21,05:10:00,42.77000045776367,42.77000045776367,42.77000045776367,42.77000045776367
2025-05-21,05:20:00,42.77000045776367,42.77000045776367,42.77000045776367,42.77000045776367
2025-05-21,05:25:00,42.5,42.5,42.5,42.5
2025-05-21,05:35:00,42.5,42.5,42.5,42.5
2025-05-21,05:40:00,43.029998779296875,43.189998626708984,43.029998779296875,43.189998626708984
2025-05-21,05:45:00,43.529998779296875,43.529998779296875,43.529998779296875,43.529998779296875
2025-05-21,06:00:00,43.0,43.47999954223633,42.900001525878906,42.900001525878906
2025-05-21,06:05:00,42.65999984741211,42.84000015258789,42.5,42.61000061035156
2025-05-21,06:30:00,42.619998931884766,42.95000076293945,42.619998931884766,42.95000076293945
2025-05-21,06:35:00,42.63999938964844,42.63999938964844,42.63999938964844,42.63999938964844
2025-05-21,06:45:00,42.95000076293945,42.95000076293945,42.95000076293945,42.95000076293945
2025-05-21,06:55:00,42.849998474121094,42.849998474121094,42.849998474121094,42.849998474121094
2025-05-21,07:00:00,42.849998474121094,42.849998474121094,42.849998474121094,42.849998474121094
2025-05-21,07:40:00,42.650001525878906,42.91999816894531,42.619998931884766,42.619998931884766
2025-05-21,07:50:00,42.93000030517578,42.93000030517578,42.93000030517578,42.93000030517578
2025-05-21,07:55:00,42.619998931884766,42.650001525878906,42.619998931884766,42.650001525878906
2025-05-21,08:05:00,42.650001525878906,42.650001525878906,42.599998474121094,42.599998474121094
2025-05-21,08:10:00,43.790000915527344,43.900001525878906,43.790000915527344,43.900001525878906
2025-05-21,08:15:00,43.27000045776367,43.849998474121094,43.04999923706055,43.2400016784668
2025-05-21,08:20:00,43.36000061035156,43.380001068115234,43.36000061035156,43.380001068115234
2025-05-21,08:30:00,43.380001068115234,43.380001068115234,43.380001068115234,43.380001068115234
2025-05-21,08:35:00,43.20000076293945,43.220001220703125,43.20000076293945,43.220001220703125
2025-05-21,08:45:00,43.77000045776367,43.77000045776367,43.11000061035156,43.5
2025-05-21,08:50:00,43.52000045776367,43.52000045776367,43.150001525878906,43.369998931884766
2025-05-21,09:00:00,43.599998474121094,43.599998474121094,43.400001525878906,43.400001525878906
2025-05-21,09:05:00,43.40999984741211,43.599998474121094,42.91999816894531,43.40999984741211
2025-05-21,09:10:00,43.5,43.5,43.209999084472656,43.40999984741211
2025-05-21,09:15:00,43.400001525878906,43.400001525878906,43.20000076293945,43.2599983215332
2025-05-21,09:20:00,43.25,43.25,43.25,43.25
2025-05-21,09:25:00,43.369998931884766,43.400001525878906,43.369998931884766,43.400001525878906
2025-05-21,09:30:00,43.349998474121094,43.349998474121094,43.349998474121094,43.349998474121094
2025-05-21,09:35:00,43.400001525878906,43.400001525878906,43.349998474121094,43.400001525878906
2025-05-21,09:40:00,43.5,43.70000076293945,43.5,43.70000076293945
2025-05-21,09:45:00,43.75,43.75,43.75,43.75
2025-05-21,09:50:00,43.7400016784668,43.75,43.72999954223633,43.7400016784668
2025-05-21,09:55:00,43.75,43.9900016784668,43.599998474121094,43.689998626708984
2025-05-22,03:45:00,44.13999938964844,44.27000045776367,44.13999938964844,44.20000076293945
2025-05-22,03:50:00,44.20000076293945,44.20000076293945,44.0,44.0
2025-05-22,04:00:00,44.18000030517578,44.18000030517578,44.18000030517578,44.18000030517578
2025-05-22,04:05:00,44.18000030517578,44.18000030517578,43.689998626708984,43.689998626708984
2025-05-22,04:10:00,43.939998626708984,43.959999084472656,43.59000015258789,43.70000076293945
2025-05-22,04:15:00,43.79999923706055,43.79999923706055,43.79999923706055,43.79999923706055
2025-05-22,04:20:00,43.90999984741211,43.959999084472656,43.90999984741211,43.959999084472656
2025-05-22,04:30:00,43.95000076293945,43.95000076293945,43.81999969482422,43.81999969482422
2025-05-22,04:35:00,43.810001373291016,43.810001373291016,43.54999923706055,43.58000183105469
2025-05-22,04:45:00,43.63999938964844,43.91999816894531,43.5099983215332,43.599998474121094
2025-05-22,04:50:00,43.58000183105469,43.939998626708984,43.58000183105469,43.939998626708984
2025-05-22,04:55:00,43.95000076293945,43.95000076293945,43.70000076293945,43.70000076293945
2025-05-22,05:05:00,43.70000076293945,43.95000076293945,43.70000076293945,43.810001373291016
2025-05-22,05:10:00,43.70000076293945,43.91999816894531,43.70000076293945,43.91999816894531
2025-05-22,05:15:00,43.849998474121094,43.849998474121094,43.849998474121094,43.849998474121094
2025-05-22,05:20:00,43.709999084472656,43.709999084472656,43.709999084472656,43.709999084472656
2025-05-22,05:25:00,43.79999923706055,43.900001525878906,43.79999923706055,43.900001525878906
2025-05-22,05:35:00,43.900001525878906,43.900001525878906,43.86000061035156,43.86000061035156
2025-05-22,05:40:00,43.86000061035156,43.86000061035156,43.84000015258789,43.84000015258789
2025-05-22,05:45:00,43.79999923706055,43.84000015258789,43.79999923706055,43.79999923706055
2025-05-22,05:50:00,43.790000915527344,43.869998931884766,43.529998779296875,43.869998931884766
2025-05-22,05:55:00,43.79999923706055,43.79999923706055,43.79999923706055,43.79999923706055
2025-05-22,06:05:00,43.88999938964844,43.88999938964844,43.79999923706055,43.79999923706055
2025-05-22,06:10:00,43.880001068115234,43.880001068115234,43.880001068115234,43.880001068115234
2025-05-22,06:20:00,43.83000183105469,43.83000183105469,43.83000183105469,43.83000183105469
2025-05-22,06:30:00,43.83000183105469,43.83000183105469,43.70000076293945,43.70000076293945
2025-05-22,06:35:00,43.7599983215332,43.7599983215332,43.7599983215332,43.7599983215332
2025-05-22,06:40:00,43.70000076293945,43.70000076293945,43.70000076293945,43.70000076293945
2025-05-22,06:45:00,43.529998779296875,44.02000045776367,43.529998779296875,44.02000045776367
2025-05-22,06:50:00,44.15999984741211,44.15999984741211,44.0,44.099998474121094
2025-05-22,06:55:00,44.04999923706055,44.04999923706055,44.04999923706055,44.04999923706055
2025-05-22,07:05:00,44.04999923706055,44.04999923706055,44.04999923706055,44.04999923706055
2025-05-22,07:10:00,44.06999969482422,44.09000015258789,44.06999969482422,44.09000015258789
2025-05-22,07:20:00,44.18000030517578,44.18000030517578,44.099998474121094,44.099998474121094
2025-05-22,07:25:00,44.099998474121094,44.099998474121094,44.09000015258789,44.099998474121094
2025-05-22,07:45:00,44.0,44.0,44.0,44.0
2025-05-22,07:50:00,44.02000045776367,44.02000045776367,44.02000045776367,44.02000045776367
2025-05-22,08:00:00,44.099998474121094,44.099998474121094,44.099998474121094,44.099998474121094
2025-05-22,08:20:00,44.099998474121094,44.099998474121094,44.099998474121094,44.099998474121094
2025-05-22,08:35:00,44.0,44.0,44.0,44.0
2025-05-22,08:50:00,44.02000045776367,44.150001525878906,44.02000045776367,44.150001525878906
2025-05-22,09:00:00,44.20000076293945,44.20000076293945,44.20000076293945,44.20000076293945
2025-05-22,09:05:00,44.0,44.029998779296875,44.0,44.0
2025-05-22,09:10:00,44.25,44.369998931884766,44.25,44.369998931884766
2025-05-22,09:20:00,44.29999923706055,44.29999923706055,44.22999954223633,44.22999954223633
2025-05-22,09:35:00,44.20000076293945,44.20000076293945,44.04999923706055,44.04999923706055
2025-05-22,09:45:00,44.0099983215332,44.18000030517578,44.0099983215332,44.18000030517578
2025-05-22,09:50:00,44.18000030517578,44.369998931884766,44.18000030517578,44.369998931884766
2025-05-22,09:55:00,44.0,44.369998931884766,44.0,44.2400016784668
2025-05-23,03:45:00,44.2400016784668,44.310001373291016,44.22999954223633,44.310001373291016
2025-05-23,03:50:00,44.0,44.0,44.0,44.0
2025-05-23,03:55:00,44.0,44.0,44.0,44.0
2025-05-23,04:00:00,44.0,44.0,44.0,44.0
2025-05-23,04:05:00,44.0,44.0099983215332,43.34000015258789,44.0099983215332
2025-05-23,04:10:00,43.900001525878906,44.08000183105469,43.54999923706055,43.54999923706055
2025-05-23,04:15:00,43.54999923706055,44.16999816894531,43.529998779296875,43.529998779296875
2025-05-23,04:20:00,43.529998779296875,43.79999923706055,43.529998779296875,43.72999954223633
2025-05-23,04:30:00,43.86000061035156,43.86000061035156,43.540000915527344,43.540000915527344
2025-05-23,04:40:00,43.5099983215332,43.529998779296875,43.5099983215332,43.529998779296875
2025-05-23,04:50:00,43.349998474121094,43.4900016784668,43.349998474121094,43.4900016784668
2025-05-23,04:55:00,43.349998474121094,43.349998474121094,43.349998474121094,43.349998474121094
2025-05-23,05:00:00,43.040000915527344,43.279998779296875,43.040000915527344,43.279998779296875
2025-05-23,05:40:00,43.099998474121094,43.099998474121094,43.099998474121094,43.099998474121094
2025-05-23,05:50:00,43.099998474121094,43.099998474121094,43.099998474121094,43.099998474121094
2025-05-23,07:10:00,43.20000076293945,43.20000076293945,43.150001525878906,43.150001525878906
2025-05-23,07:25:00,43.150001525878906,43.150001525878906,43.150001525878906,43.150001525878906
2025-05-23,07:40:00,43.150001525878906,43.150001525878906,43.150001525878906,43.150001525878906
2025-05-23,07:45:00,43.119998931884766,43.119998931884766,43.119998931884766,43.119998931884766
2025-05-23,07:50:00,43.040000915527344,43.040000915527344,43.040000915527344,43.040000915527344
2025-05-23,07:55:00,43.099998474121094,43.099998474121094,43.099998474121094,43.099998474121094
2025-05-23,08:10:00,43.0,43.0,42.900001525878906,42.900001525878906
2025-05-23,08:25:00,42.900001525878906,42.900001525878906,42.900001525878906,42.900001525878906
2025-05-23,09:05:00,42.54999923706055,42.970001220703125,42.54999923706055,42.970001220703125
2025-05-23,09:10:00,42.560001373291016,42.560001373291016,42.54999923706055,42.54999923706055
2025-05-23,09:20:00,42.54999923706055,42.54999923706055,42.529998779296875,42.529998779296875
2025-05-23,09:35:00,42.95000076293945,42.95000076293945,42.95000076293945,42.95000076293945
2025-05-23,09:40:00,42.619998931884766,42.70000076293945,42.560001373291016,42.560001373291016
2025-05-23,09:50:00,42.400001525878906,42.400001525878906,42.25,42.25
2025-05-23,09:55:00,42.25,42.25,40.20000076293945,41.709999084472656
2025-05-26,03:45:00,42.25,42.25,42.25,42.25
2025-05-26,03:50:00,42.5,42.5,42.040000915527344,42.040000915527344
2025-05-26,04:25:00,42.09000015258789,42.09000015258789,42.09000015258789,42.09000015258789
2025-05-26,04:40:00,42.0,42.900001525878906,42.0,42.900001525878906
2025-05-26,04:45:00,42.900001525878906,42.97999954223633,42.40999984741211,42.97999954223633
2025-05-26,05:00:00,42.970001220703125,42.970001220703125,42.86000061035156,42.86000061035156
2025-05-26,05:05:00,42.959999084472656,42.970001220703125,42.91999816894531,42.970001220703125
2025-05-26,05:20:00,42.91999816894531,42.91999816894531,42.91999816894531,42.91999816894531
2025-05-26,05:55:00,42.400001525878906,42.400001525878906,42.400001525878906,42.400001525878906
2025-05-26,06:10:00,42.900001525878906,42.900001525878906,42.900001525878906,42.900001525878906
2025-05-26,06:20:00,42.900001525878906,42.900001525878906,42.900001525878906,42.900001525878906
2025-05-26,06:40:00,42.970001220703125,42.970001220703125,42.970001220703125,42.970001220703125
2025-05-26,06:45:00,42.970001220703125,42.970001220703125,42.970001220703125,42.970001220703125
2025-05-26,06:50:00,42.970001220703125,42.970001220703125,42.970001220703125,42.970001220703125
2025-05-26,07:00:00,42.66999816894531,42.66999816894531,42.66999816894531,42.66999816894531
2025-05-26,07:05:00,42.970001220703125,42.970001220703125,42.970001220703125,42.970001220703125
2025-05-26,07:20:00,43.08000183105469,43.08000183105469,43.08000183105469,43.08000183105469
2025-05-26,07:25:00,43.08000183105469,43.08000183105469,43.08000183105469,43.08000183105469
2025-05-26,07:30:00,43.099998474121094,43.099998474121094,43.099998474121094,43.099998474121094
2025-05-26,07:35:00,43.0099983215332,43.0099983215332,43.0099983215332,43.0099983215332
2025-05-26,07:45:00,42.41999816894531,42.41999816894531,42.41999816894531,42.41999816894531
2025-05-26,08:05:00,42.25,42.25,42.25,42.25
2025-05-26,08:20:00,42.75,42.75,40.41999816894531,41.70000076293945
2025-05-26,08:25:00,40.9900016784668,41.9900016784668,40.9900016784668,41.5
2025-05-26,08:30:00,41.5,42.75,41.5,42.349998474121094
2025-05-26,08:45:00,42.4900016784668,42.58000183105469,42.4900016784668,42.58000183105469
2025-05-26,09:00:00,42.45000076293945,42.75,42.45000076293945,42.75
2025-05-26,09:15:00,42.349998474121094,42.349998474121094,42.349998474121094,42.349998474121094
2025-05-26,09:20:00,42.38999938964844,42.630001068115234,42.38999938964844,42.630001068115234
2025-05-26,09:25:00,42.349998474121094,42.349998474121094,42.349998474121094,42.349998474121094
2025-05-26,09:30:00,42.630001068115234,42.630001068115234,42.630001068115234,42.630001068115234
2025-05-26,09:35:00,42.349998474121094,42.56999969482422,41.900001525878906,41.900001525878906
2025-05-26,09:45:00,43.060001373291016,44.9900016784668,42.16999816894531,44.650001525878906
2025-05-26,09:50:00,44.650001525878906,45.79999923706055,44.650001525878906,45.70000076293945
2025-05-26,09:55:00,45.0,45.880001068115234,44.40999984741211,44.40999984741211
2025-05-27,03:45:00,48.650001525878906,48.650001525878906,45.79999923706055,46.15999984741211
2025-05-27,03:50:00,45.95000076293945,46.70000076293945,45.79999923706055,46.04999923706055
2025-05-27,03:55:00,46.36000061035156,46.5,46.36000061035156,46.5
2025-05-27,04:00:00,46.54999923706055,46.66999816894531,46.54999923706055,46.65999984741211
2025-05-27,04:05:00,46.66999816894531,46.66999816894531,45.880001068115234,45.95000076293945
2025-05-27,04:10:00,45.75,45.95000076293945,45.400001525878906,45.77000045776367
2025-05-27,04:15:00,45.75,45.79999923706055,45.150001525878906,45.689998626708984
2025-05-27,04:20:00,45.790000915527344,45.790000915527344,45.77000045776367,45.77000045776367
2025-05-27,04:25:00,45.70000076293945,45.70000076293945,45.22999954223633,45.22999954223633
2025-05-27,04:30:00,45.459999084472656,45.459999084472656,45.34000015258789,45.34000015258789
2025-05-27,04:35:00,45.400001525878906,45.400001525878906,45.380001068115234,45.380001068115234
2025-05-27,04:40:00,45.470001220703125,45.54999923706055,45.43000030517578,45.470001220703125
2025-05-27,04:50:00,45.43000030517578,45.439998626708984,45.43000030517578,45.43000030517578
2025-05-27,04:55:00,45.33000183105469,45.33000183105469,45.29999923706055,45.29999923706055
2025-05-27,05:05:00,45.470001220703125,45.470001220703125,45.40999984741211,45.439998626708984
2025-05-27,05:10:00,45.439998626708984,45.439998626708984,45.439998626708984,45.439998626708984
2025-05-27,05:15:00,45.439998626708984,45.5,45.40999984741211,45.5
2025-05-27,05:20:00,45.529998779296875,45.54999923706055,45.529998779296875,45.54999923706055
2025-05-27,05:25:00,45.4900016784668,45.4900016784668,45.4900016784668,45.4900016784668
2025-05-27,05:30:00,45.459999084472656,45.540000915527344,45.459999084472656,45.5
2025-05-27,05:35:00,45.529998779296875,45.529998779296875,45.529998779296875,45.529998779296875
2025-05-27,05:40:00,45.40999984741211,45.40999984741211,45.40999984741211,45.40999984741211
2025-05-27,05:45:00,45.529998779296875,45.54999923706055,45.529998779296875,45.54999923706055
2025-05-27,05:50:00,45.54999923706055,45.54999923706055,45.54999923706055,45.54999923706055
2025-05-27,06:00:00,45.5,45.5,45.5,45.5
2025-05-27,06:05:00,45.5,45.5,45.5,45.5
2025-05-27,06:10:00,45.70000076293945,45.84000015258789,45.52000045776367,45.52000045776367
2025-05-27,06:20:00,45.52000045776367,45.52000045776367,45.52000045776367,45.52000045776367
2025-05-27,06:25:00,45.5099983215332,45.5099983215332,45.5099983215332,45.5099983215332
2025-05-27,06:45:00,45.79999923706055,45.880001068115234,45.79999923706055,45.880001068115234
2025-05-27,06:55:00,45.79999923706055,45.810001373291016,45.79999923706055,45.810001373291016
2025-05-27,07:00:00,46.0099983215332,46.0099983215332,46.0099983215332,46.0099983215332
2025-05-27,07:05:00,46.0,46.0,46.0,46.0
2025-05-27,07:15:00,46.290000915527344,46.290000915527344,46.290000915527344,46.290000915527344
2025-05-27,07:20:00,46.290000915527344,46.560001373291016,46.290000915527344,46.560001373291016
2025-05-27,07:30:00,46.34000015258789,46.34000015258789,46.31999969482422,46.31999969482422
2025-05-27,07:35:00,46.290000915527344,46.290000915527344,46.0,46.0
2025-05-27,07:50:00,46.13999938964844,46.13999938964844,46.13999938964844,46.13999938964844
2025-05-27,08:15:00,46.099998474121094,46.099998474121094,45.54999923706055,45.81999969482422
2025-05-27,08:20:00,45.61000061035156,45.61000061035156,45.61000061035156,45.61000061035156
2025-05-27,08:25:00,45.52000045776367,45.720001220703125,45.52000045776367,45.720001220703125
2025-05-27,08:35:00,46.04999923706055,46.04999923706055,46.04999923706055,46.04999923706055
2025-05-27,08:40:00,45.689998626708984,45.689998626708984,45.5099983215332,45.5099983215332
2025-05-27,08:45:00,45.689998626708984,45.689998626708984,45.689998626708984,45.689998626708984
2025-05-27,08:50:00,45.689998626708984,45.689998626708984,45.689998626708984,45.689998626708984
2025-05-27,09:00:00,45.5,45.5,45.5,45.5
2025-05-27,09:05:00,45.5,45.5,45.5,45.5
2025-05-27,09:10:00,45.40999984741211,45.40999984741211,45.40999984741211,45.40999984741211
2025-05-27,09:15:00,45.5,45.5,45.40999984741211,45.40999984741211
2025-05-27,09:20:00,45.40999984741211,45.58000183105469,45.40999984741211,45.58000183105469
2025-05-27,09:25:00,45.58000183105469,45.58000183105469,45.560001373291016,45.560001373291016
2025-05-27,09:30:00,45.40999984741211,45.40999984741211,45.40999984741211,45.40999984741211
2025-05-27,09:40:00,45.11000061035156,45.11000061035156,45.0,45.0
2025-05-27,09:45:00,45.0099983215332,45.16999816894531,45.0099983215332,45.11000061035156
2025-05-27,09:50:00,45.119998931884766,45.119998931884766,44.709999084472656,44.709999084472656
2025-05-27,09:55:00,44.709999084472656,45.16999816894531,44.709999084472656,45.040000915527344
2025-05-28,03:45:00,45.84000015258789,45.84000015258789,45.38999938964844,45.38999938964844
2025-05-28,03:50:00,45.59000015258789,45.90999984741211,44.470001220703125,44.470001220703125
2025-05-28,03:55:00,44.0099983215332,44.0099983215332,43.9900016784668,43.9900016784668
2025-05-28,04:00:00,43.9900016784668,43.9900016784668,43.70000076293945,43.70000076293945
2025-05-28,04:05:00,43.779998779296875,43.779998779296875,43.0,43.0
2025-05-28,04:10:00,43.0,43.0,42.95000076293945,42.95000076293945
2025-05-28,04:15:00,43.0,43.0,42.95000076293945,42.95000076293945
2025-05-28,04:20:00,42.95000076293945,42.95000076293945,42.709999084472656,42.75
2025-05-28,04:25:00,42.0,42.689998626708984,42.0,42.66999816894531
2025-05-28,04:30:00,42.689998626708984,42.689998626708984,42.689998626708984,42.689998626708984
2025-05-28,04:35:00,42.45000076293945,42.720001220703125,42.29999923706055,42.720001220703125
2025-05-28,04:40:00,42.45000076293945,42.689998626708984,42.45000076293945,42.689998626708984
2025-05-28,04:45:00,42.529998779296875,42.560001373291016,42.459999084472656,42.459999084472656
2025-05-28,04:50:00,42.41999816894531,42.68000030517578,42.41999816894531,42.66999816894531
2025-05-28,04:55:00,42.5,42.5,42.5,42.5
2025-05-28,05:00:00,42.470001220703125,42.5,42.29999923706055,42.29999923706055
2025-05-28,05:10:00,42.5,42.5,42.5,42.5
2025-05-28,05:15:00,42.5,42.5,42.29999923706055,42.400001525878906
2025-05-28,05:20:00,42.40999984741211,42.5,42.40999984741211,42.5
2025-05-28,05:30:00,42.5,42.5,42.5,42.5
2025-05-28,05:35:00,42.2599983215332,42.2599983215332,42.2599983215332,42.2599983215332
2025-05-28,05:40:00,42.2599983215332,42.439998626708984,42.2599983215332,42.439998626708984
2025-05-28,05:45:00,42.75,42.75,42.75,42.75
2025-05-28,05:50:00,42.5,42.58000183105469,42.5,42.58000183105469
2025-05-28,05:55:00,42.75,42.75,42.5099983215332,42.52000045776367
2025-05-28,06:00:00,42.58000183105469,42.58000183105469,42.439998626708984,42.439998626708984
2025-05-28,06:05:00,42.75,42.75,42.75,42.75
2025-05-28,06:35:00,42.369998931884766,42.369998931884766,42.369998931884766,42.369998931884766
2025-05-28,06:40:00,42.54999923706055,42.54999923706055,42.54999923706055,42.54999923706055
2025-05-28,06:45:00,42.27000045776367,42.38999938964844,42.27000045776367,42.38999938964844
2025-05-28,06:50:00,42.400001525878906,42.45000076293945,42.25,42.40999984741211
2025-05-28,07:00:00,42.38999938964844,42.38999938964844,42.38999938964844,42.38999938964844
2025-05-28,07:05:00,43.2400016784668,43.79999923706055,43.209999084472656,43.79999923706055
2025-05-28,07:10:00,43.040000915527344,43.040000915527344,42.959999084472656,42.959999084472656
2025-05-28,07:15:00,42.79999923706055,42.79999923706055,42.79999923706055,42.79999923706055
2025-05-28,07:20:00,42.79999923706055,43.369998931884766,42.79999923706055,43.369998931884766
2025-05-28,07:25:00,43.0099983215332,43.0099983215332,43.0099983215332,43.0099983215332
2025-05-28,07:35:00,42.849998474121094,42.849998474121094,42.849998474121094,42.849998474121094
2025-05-28,07:50:00,42.790000915527344,42.790000915527344,42.790000915527344,42.790000915527344
2025-05-28,07:55:00,42.869998931884766,42.95000076293945,42.81999969482422,42.81999969482422
2025-05-28,08:00:00,42.75,42.7599983215332,42.75,42.7599983215332
2025-05-28,08:05:00,42.77000045776367,42.77000045776367,42.77000045776367,42.77000045776367
2025-05-28,08:10:00,42.77000045776367,42.810001373291016,42.77000045776367,42.810001373291016
2025-05-28,08:15:00,42.959999084472656,42.959999084472656,42.959999084472656,42.959999084472656
2025-05-28,08:20:00,42.93000030517578,42.93000030517578,42.93000030517578,42.93000030517578
2025-05-28,08:25:00,43.0,43.08000183105469,43.0,43.08000183105469
2025-05-28,08:30:00,43.06999969482422,43.06999969482422,43.02000045776367,43.02000045776367
2025-05-28,08:35:00,43.06999969482422,43.06999969482422,43.06999969482422,43.06999969482422
2025-05-28,08:40:00,42.959999084472656,42.959999084472656,42.959999084472656,42.959999084472656
2025-05-28,08:45:00,42.79999923706055,42.79999923706055,42.79999923706055,42.79999923706055
2025-05-28,08:50:00,43.0099983215332,43.0099983215332,43.0099983215332,43.0099983215332
2025-05-28,09:00:00,43.06999969482422,43.150001525878906,43.06999969482422,43.150001525878906
2025-05-28,09:05:00,43.56999969482422,43.56999969482422,43.56999969482422,43.56999969482422
2025-05-28,09:10:00,43.5,44.0,43.5,43.97999954223633
2025-05-28,09:30:00,43.97999954223633,44.400001525878906,43.619998931884766,43.619998931884766
2025-05-28,09:35:00,43.66999816894531,43.720001220703125,43.66999816894531,43.709999084472656
2025-05-28,09:40:00,43.65999984741211,43.70000076293945,43.65999984741211,43.70000076293945
2025-05-28,09:45:00,43.65999984741211,43.68000030517578,43.650001525878906,43.650001525878906
2025-05-28,09:50:00,43.650001525878906,43.70000076293945,43.650001525878906,43.70000076293945
2025-05-28,09:55:00,43.70000076293945,44.0099983215332,43.70000076293945,44.0099983215332
2025-05-29,03:45:00,44.0099983215332,44.0099983215332,44.0099983215332,44.0099983215332
2025-05-29,03:50:00,44.4900016784668,44.4900016784668,44.4900016784668,44.4900016784668
2025-05-29,04:00:00,43.869998931884766,43.869998931884766,43.869998931884766,43.869998931884766
2025-05-29,04:10:00,43.63999938964844,43.63999938964844,43.63999938964844,43.63999938964844
2025-05-29,04:35:00,43.650001525878906,43.650001525878906,43.650001525878906,43.650001525878906
2025-05-29,04:40:00,43.880001068115234,43.880001068115234,43.880001068115234,43.880001068115234
2025-05-29,05:35:00,42.810001373291016,42.810001373291016,42.810001373291016,42.810001373291016
2025-05-29,05:50:00,43.15999984741211,43.15999984741211,43.15999984741211,43.15999984741211
2025-05-29,05:55:00,43.189998626708984,43.900001525878906,42.79999923706055,43.310001373291016
2025-05-29,06:00:00,43.880001068115234,45.18000030517578,43.7599983215332,45.099998474121094
2025-05-29,06:05:00,45.13999938964844,45.150001525878906,45.0099983215332,45.099998474121094
2025-05-29,06:10:00,45.150001525878906,47.97999954223633,45.150001525878906,47.97999954223633
2025-05-29,06:15:00,47.97999954223633,47.97999954223633,45.65999984741211,47.0
2025-05-29,06:20:00,46.97999954223633,46.97999954223633,46.150001525878906,46.810001373291016
2025-05-29,06:25:00,46.84000015258789,46.84000015258789,46.54999923706055,46.70000076293945
2025-05-29,06:30:00,45.869998931884766,46.0,45.869998931884766,45.9900016784668
2025-05-29,06:40:00,45.900001525878906,45.900001525878906,45.900001525878906,45.900001525878906
2025-05-29,06:45:00,45.9900016784668,45.9900016784668,45.95000076293945,45.9900016784668
2025-05-29,06:50:00,45.9900016784668,45.9900016784668,45.9900016784668,45.9900016784668
2025-05-29,06:55:00,45.5099983215332,45.970001220703125,45.5099983215332,45.95000076293945
2025-05-29,07:00:00,45.209999084472656,45.970001220703125,45.209999084472656,45.720001220703125
2025-05-29,07:05:00,45.70000076293945,45.900001525878906,45.70000076293945,45.900001525878906
2025-05-29,07:10:00,45.79999923706055,45.79999923706055,45.06999969482422,45.06999969482422
2025-05-29,07:20:00,45.08000183105469,45.08000183105469,45.08000183105469,45.08000183105469
2025-05-29,07:25:00,45.0,45.099998474121094,44.130001068115234,44.130001068115234
2025-05-29,07:30:00,44.119998931884766,44.380001068115234,44.119998931884766,44.380001068115234
2025-05-29,07:35:00,44.58000183105469,44.880001068115234,44.58000183105469,44.880001068115234
2025-05-29,07:45:00,44.869998931884766,44.9900016784668,44.58000183105469,44.88999938964844
2025-05-29,07:50:00,44.790000915527344,45.380001068115234,44.790000915527344,45.0
2025-05-29,07:55:00,44.63999938964844,44.63999938964844,43.31999969482422,43.31999969482422
2025-05-29,08:00:00,43.38999938964844,44.599998474121094,43.38999938964844,43.900001525878906
2025-05-29,08:05:00,44.150001525878906,44.189998626708984,44.13999938964844,44.189998626708984
2025-05-29,08:10:00,44.20000076293945,44.20000076293945,43.790000915527344,44.0
2025-05-29,08:15:00,43.79999923706055,44.04999923706055,43.70000076293945,43.79999923706055
2025-05-29,08:20:00,43.70000076293945,43.70000076293945,43.65999984741211,43.65999984741211
2025-05-29,08:25:00,44.0099983215332,44.189998626708984,43.77000045776367,44.0
2025-05-29,08:30:00,43.970001220703125,43.97999954223633,43.310001373291016,43.97999954223633
2025-05-29,08:35:00,43.619998931884766,43.619998931884766,43.599998474121094,43.61000061035156
2025-05-29,08:50:00,43.599998474121094,43.599998474121094,43.599998474121094,43.599998474121094
2025-05-29,08:55:00,43.77000045776367,43.790000915527344,43.56999969482422,43.56999969482422
2025-05-29,09:00:00,43.650001525878906,43.88999938964844,43.630001068115234,43.88999938964844
2025-05-29,09:05:00,43.900001525878906,43.900001525878906,43.88999938964844,43.88999938964844
2025-05-29,09:10:00,43.52000045776367,43.52000045776367,43.52000045776367,43.52000045776367
2025-05-29,09:15:00,43.540000915527344,44.0,43.52000045776367,43.970001220703125
2025-05-29,09:20:00,43.560001373291016,43.560001373291016,43.560001373291016,43.560001373291016
2025-05-29,09:25:00,43.54999923706055,43.560001373291016,43.54999923706055,43.560001373291016
2025-05-29,09:30:00,43.52000045776367,43.59000015258789,43.349998474121094,43.54999923706055
2025-05-29,09:35:00,43.540000915527344,43.58000183105469,43.130001068115234,43.130001068115234
2025-05-29,09:40:00,43.20000076293945,43.349998474121094,43.20000076293945,43.349998474121094
2025-05-29,09:45:00,43.7599983215332,43.7599983215332,43.20000076293945,43.20000076293945
2025-05-29,09:50:00,43.29999923706055,43.88999938964844,43.29999923706055,43.88999938964844
2025-05-29,09:55:00,43.400001525878906,43.66999816894531,43.400001525878906,43.40999984741211
2025-05-30,03:45:00,43.75,45.119998931884766,43.75,44.900001525878906
2025-05-30,03:50:00,45.0,45.0,44.36000061035156,44.36000061035156
2025-05-30,04:00:00,44.0099983215332,44.41999816894531,44.0099983215332,44.2400016784668
2025-05-30,04:10:00,44.2400016784668,44.41999816894531,44.16999816894531,44.16999816894531
2025-05-30,04:25:00,44.119998931884766,44.119998931884766,44.040000915527344,44.040000915527344
2025-05-30,04:30:00,44.040000915527344,44.040000915527344,44.040000915527344,44.040000915527344
2025-05-30,04:35:00,43.81999969482422,43.81999969482422,43.81999969482422,43.81999969482422
2025-05-30,04:45:00,44.11000061035156,44.11000061035156,44.11000061035156,44.11000061035156
2025-05-30,04:55:00,43.869998931884766,43.869998931884766,43.869998931884766,43.869998931884766
2025-05-30,05:15:00,43.75,43.75,43.75,43.75
2025-05-30,05:20:00,43.52000045776367,43.560001373291016,43.52000045776367,43.560001373291016
2025-05-30,05:25:00,44.31999969482422,44.650001525878906,44.31999969482422,44.650001525878906
2025-05-30,05:35:00,45.0,45.0,45.0,45.0
2025-05-30,05:40:00,44.970001220703125,44.970001220703125,44.970001220703125,44.970001220703125
2025-05-30,05:50:00,45.0,45.0,45.0,45.0
2025-05-30,06:00:00,44.34000015258789,44.34000015258789,44.34000015258789,44.34000015258789
2025-05-30,06:05:00,44.4900016784668,44.4900016784668,44.4900016784668,44.4900016784668
2025-05-30,06:15:00,44.209999084472656,44.209999084472656,44.209999084472656,44.209999084472656
2025-05-30,06:40:00,44.36000061035156,44.36000061035156,44.36000061035156,44.36000061035156
2025-05-30,06:55:00,44.25,44.25,44.25,44.25
2025-05-30,07:00:00,44.2400016784668,44.25,44.060001373291016,44.25
2025-05-30,07:05:00,44.34000015258789,44.34000015258789,44.130001068115234,44.31999969482422
2025-05-30,07:10:00,44.25,44.34000015258789,44.11000061035156,44.25
2025-05-30,07:15:00,44.209999084472656,44.31999969482422,44.209999084472656,44.25
2025-05-30,07:55:00,44.2599983215332,44.279998779296875,44.099998474121094,44.099998474121094
2025-05-30,08:20:00,44.099998474121094,44.099998474121094,44.099998474121094,44.099998474121094
2025-05-30,08:25:00,44.099998474121094,44.099998474121094,44.099998474121094,44.099998474121094
2025-05-30,08:30:00,44.29999923706055,44.29999923706055,44.29999923706055,44.29999923706055
2025-05-30,08:35:00,44.369998931884766,44.369998931884766,44.369998931884766,44.369998931884766
2025-05-30,08:40:00,44.34000015258789,44.34000015258789,44.34000015258789,44.34000015258789
2025-05-30,08:55:00,44.2599983215332,44.2599983215332,42.70000076293945,42.970001220703125
2025-05-30,09:00:00,42.779998779296875,42.779998779296875,42.779998779296875,42.779998779296875
2025-05-30,09:05:00,42.880001068115234,42.880001068115234,42.880001068115234,42.880001068115234
2025-05-30,09:10:00,42.5,42.5,42.5,42.5
2025-05-30,09:15:00,42.06999969482422,42.599998474121094,42.06999969482422,42.560001373291016
2025-05-30,09:25:00,42.27000045776367,42.27000045776367,42.04999923706055,42.04999923706055
2025-05-30,09:30:00,42.150001525878906,42.150001525878906,42.150001525878906,42.150001525878906
2025-05-30,09:35:00,42.290000915527344,42.290000915527344,41.83000183105469,41.83000183105469
2025-05-30,09:40:00,41.880001068115234,41.88999938964844,41.880001068115234,41.88999938964844
2025-05-30,09:45:00,42.25,43.72999954223633,42.25,43.72999954223633
2025-05-30,09:50:00,43.95000076293945,43.95000076293945,43.72999954223633,43.72999954223633
2025-05-30,09:55:00,43.939998626708984,43.95000076293945,42.5,42.54999923706055
2025-06-02,03:45:00,43.20000076293945,44.20000076293945,43.20000076293945,43.95000076293945
2025-06-02,03:50:00,43.93000030517578,44.5,43.7400016784668,43.7400016784668
2025-06-02,03:55:00,43.7400016784668,43.7400016784668,41.0099983215332,41.970001220703125
2025-06-02,04:00:00,42.470001220703125,42.75,42.470001220703125,42.75
2025-06-02,04:05:00,42.5,42.61000061035156,42.5,42.61000061035156
2025-06-02,04:10:00,42.5,42.79999923706055,42.5,42.79999923706055
2025-06-02,04:15:00,43.09000015258789,43.29999923706055,43.09000015258789,43.29999923706055
2025-06-02,04:30:00,42.0,42.0,42.0,42.0
2025-06-02,04:50:00,42.11000061035156,42.11000061035156,42.11000061035156,42.11000061035156
2025-06-02,05:05:00,42.58000183105469,42.58000183105469,42.58000183105469,42.58000183105469
2025-06-02,05:15:00,42.11000061035156,42.11000061035156,42.11000061035156,42.11000061035156
2025-06-02,05:25:00,42.16999816894531,42.369998931884766,42.150001525878906,42.369998931884766
2025-06-02,05:30:00,42.2599983215332,42.27000045776367,42.15999984741211,42.2400016784668
2025-06-02,05:35:00,42.2400016784668,42.2400016784668,42.2400016784668,42.2400016784668
2025-06-02,06:00:00,42.2400016784668,42.2400016784668,42.2400016784668,42.2400016784668
2025-06-02,06:05:00,42.45000076293945,42.45000076293945,42.27000045776367,42.400001525878906
2025-06-02,06:20:00,42.400001525878906,42.400001525878906,42.2400016784668,42.31999969482422
2025-06-02,06:35:00,42.2400016784668,42.2400016784668,42.2400016784668,42.2400016784668
2025-06-02,07:05:00,42.349998474121094,42.349998474121094,42.349998474121094,42.349998474121094
2025-06-02,07:15:00,42.34000015258789,42.34000015258789,42.34000015258789,42.34000015258789
2025-06-02,09:00:00,42.400001525878906,42.40999984741211,42.400001525878906,42.40999984741211
2025-06-02,09:05:00,42.599998474121094,42.599998474121094,42.599998474121094,42.599998474121094
2025-06-02,09:10:00,42.43000030517578,42.43000030517578,42.40999984741211,42.41999816894531
2025-06-02,09:20:00,42.54999923706055,42.54999923706055,42.54999923706055,42.54999923706055
2025-06-02,09:30:00,42.290000915527344,42.290000915527344,42.2400016784668,42.2400016784668
2025-06-02,09:35:00,42.2400016784668,42.25,42.11000061035156,42.11000061035156
2025-06-02,09:40:00,42.209999084472656,42.22999954223633,42.11000061035156,42.209999084472656
2025-06-02,09:45:00,42.119998931884766,42.15999984741211,42.11000061035156,42.11000061035156
2025-06-02,09:50:00,42.11000061035156,42.11000061035156,42.099998474121094,42.11000061035156
2025-06-02,09:55:00,42.11000061035156,42.20000076293945,41.54999923706055,42.099998474121094
2025-06-03,03:55:00,43.25,43.59000015258789,42.88999938964844,42.88999938964844
2025-06-03,04:00:00,41.81999969482422,41.81999969482422,41.81999969482422,41.81999969482422
2025-06-03,04:05:00,41.849998474121094,42.52000045776367,41.849998474121094,42.209999084472656
2025-06-03,04:10:00,42.59000015258789,42.59000015258789,42.59000015258789,42.59000015258789
2025-06-03,04:25:00,42.52000045776367,42.52000045776367,42.52000045776367,42.52000045776367
2025-06-03,04:30:00,42.099998474121094,42.099998474121094,42.099998474121094,42.099998474121094
2025-06-03,04:35:00,41.33000183105469,42.380001068115234,41.33000183105469,41.88999938964844
2025-06-03,04:40:00,41.810001373291016,41.810001373291016,41.810001373291016,41.810001373291016
2025-06-03,05:10:00,41.810001373291016,41.810001373291016,41.810001373291016,41.810001373291016
2025-06-03,05:20:00,41.810001373291016,41.810001373291016,41.810001373291016,41.810001373291016
2025-06-03,05:35:00,41.790000915527344,41.790000915527344,41.790000915527344,41.790000915527344
2025-06-03,05:45:00,41.88999938964844,41.88999938964844,41.88999938964844,41.88999938964844
2025-06-03,05:50:00,42.029998779296875,42.029998779296875,42.029998779296875,42.029998779296875
2025-06-03,05:55:00,42.0,42.0,42.0,42.0
2025-06-03,06:05:00,42.279998779296875,42.279998779296875,42.279998779296875,42.279998779296875
2025-06-03,06:30:00,42.38999938964844,42.38999938964844,42.38999938964844,42.38999938964844
2025-06-03,06:35:00,42.0,42.0,42.0,42.0
2025-06-03,06:45:00,42.0099983215332,42.0099983215332,42.0099983215332,42.0099983215332
2025-06-03,06:50:00,42.2599983215332,42.2599983215332,42.2599983215332,42.2599983215332
2025-06-03,07:25:00,42.290000915527344,42.290000915527344,42.290000915527344,42.290000915527344
2025-06-03,07:30:00,42.22999954223633,42.22999954223633,42.22999954223633,42.22999954223633
2025-06-03,07:45:00,42.369998931884766,42.369998931884766,42.20000076293945,42.20000076293945
2025-06-03,08:05:00,42.349998474121094,42.349998474121094,42.349998474121094,42.349998474121094
2025-06-03,08:10:00,42.349998474121094,42.349998474121094,42.349998474121094,42.349998474121094
2025-06-03,08:15:00,42.349998474121094,42.349998474121094,42.349998474121094,42.349998474121094
2025-06-03,08:20:00,42.22999954223633,42.22999954223633,42.22999954223633,42.22999954223633
2025-06-03,08:40:00,42.209999084472656,42.209999084472656,42.209999084472656,42.209999084472656
2025-06-03,08:50:00,42.20000076293945,42.20000076293945,42.20000076293945,42.20000076293945
2025-06-03,08:55:00,42.0,42.150001525878906,42.0,42.150001525878906
2025-06-03,09:05:00,41.959999084472656,41.959999084472656,41.959999084472656,41.959999084472656
2025-06-03,09:10:00,41.63999938964844,41.63999938964844,41.52000045776367,41.52000045776367
2025-06-03,09:15:00,41.599998474121094,41.599998474121094,41.599998474121094,41.599998474121094
2025-06-03,09:25:00,41.599998474121094,41.689998626708984,41.52000045776367,41.689998626708984
2025-06-03,09:35:00,41.02000045776367,41.02000045776367,41.02000045776367,41.02000045776367
2025-06-03,09:45:00,41.529998779296875,41.529998779296875,41.529998779296875,41.529998779296875
2025-06-03,09:50:00,42.209999084472656,42.209999084472656,41.529998779296875,42.040000915527344
2025-06-03,09:55:00,41.529998779296875,41.56999969482422,41.099998474121094,41.56999969482422
2025-06-04,03:45:00,42.959999084472656,43.45000076293945,41.279998779296875,43.31999969482422
2025-06-04,03:50:00,42.15999984741211,43.45000076293945,42.15999984741211,43.45000076293945
2025-06-04,03:55:00,43.41999816894531,44.689998626708984,43.41999816894531,44.029998779296875
2025-06-04,04:00:00,44.380001068115234,45.0099983215332,44.380001068115234,44.900001525878906
2025-06-04,04:05:00,44.900001525878906,44.900001525878906,44.13999938964844,44.599998474121094
2025-06-04,04:10:00,44.43000030517578,45.5,44.43000030517578,45.150001525878906
2025-06-04,04:15:00,45.400001525878906,45.400001525878906,44.959999084472656,45.099998474121094
2025-06-04,04:20:00,45.0099983215332,45.43000030517578,45.0,45.02000045776367
2025-06-04,04:25:00,45.0,45.0,44.310001373291016,44.33000183105469
2025-06-04,04:30:00,44.33000183105469,44.880001068115234,44.220001220703125,44.75
2025-06-04,04:35:00,44.75,44.75,44.540000915527344,44.75
2025-06-04,04:40:00,44.75,44.75,44.04999923706055,44.25
2025-06-04,04:45:00,44.380001068115234,44.380001068115234,43.619998931884766,43.81999969482422
2025-06-04,04:50:00,43.880001068115234,43.9900016784668,43.439998626708984,43.439998626708984
2025-06-04,04:55:00,43.7599983215332,43.7599983215332,43.7599983215332,43.7599983215332
2025-06-04,05:00:00,43.81999969482422,43.81999969482422,43.81999969482422,43.81999969482422
2025-06-04,05:05:00,43.77000045776367,43.77000045776367,43.31999969482422,43.31999969482422
2025-06-04,05:10:00,43.630001068115234,43.630001068115234,43.470001220703125,43.470001220703125
2025-06-04,05:20:00,43.849998474121094,43.849998474121094,43.54999923706055,43.65999984741211
2025-06-04,05:25:00,43.9900016784668,44.75,43.939998626708984,44.189998626708984
2025-06-04,05:30:00,44.75,44.75,44.310001373291016,44.34000015258789
2025-06-04,05:35:00,44.33000183105469,44.66999816894531,43.959999084472656,43.959999084472656
2025-06-04,05:40:00,44.099998474121094,44.290000915527344,43.90999984741211,44.08000183105469
2025-06-04,05:45:00,44.06999969482422,44.06999969482422,43.66999816894531,44.04999923706055
2025-06-04,05:55:00,44.08000183105469,44.08000183105469,44.06999969482422,44.06999969482422
2025-06-04,06:00:00,44.08000183105469,44.08000183105469,44.08000183105469,44.08000183105469
2025-06-04,06:05:00,44.04999923706055,44.04999923706055,44.04999923706055,44.04999923706055
2025-06-04,06:10:00,44.08000183105469,44.08000183105469,44.08000183105469,44.08000183105469
2025-06-04,06:15:00,44.31999969482422,44.31999969482422,44.31999969482422,44.31999969482422
2025-06-04,06:20:00,44.099998474121094,44.31999969482422,44.099998474121094,44.310001373291016
2025-06-04,06:25:00,44.29999923706055,44.29999923706055,44.29999923706055,44.29999923706055
2025-06-04,06:30:00,44.52000045776367,44.52000045776367,44.470001220703125,44.470001220703125
2025-06-04,06:35:00,44.43000030517578,44.43000030517578,44.25,44.25
2025-06-04,06:40:00,44.29999923706055,44.5,44.29999923706055,44.4900016784668
2025-06-04,06:45:00,44.400001525878906,44.400001525878906,44.209999084472656,44.209999084472656
2025-06-04,06:50:00,44.130001068115234,44.310001373291016,44.08000183105469,44.130001068115234
2025-06-04,06:55:00,44.20000076293945,44.20000076293945,44.20000076293945,44.20000076293945
2025-06-04,07:05:00,44.20000076293945,44.20000076293945,43.91999816894531,43.91999816894531
2025-06-04,07:10:00,44.18000030517578,44.18000030517578,44.18000030517578,44.18000030517578
2025-06-04,07:15:00,44.18000030517578,44.18000030517578,44.18000030517578,44.18000030517578
2025-06-04,07:20:00,44.18000030517578,44.18000030517578,44.16999816894531,44.16999816894531
2025-06-04,07:25:00,44.16999816894531,44.16999816894531,44.16999816894531,44.16999816894531
2025-06-04,07:30:00,44.04999923706055,44.16999816894531,44.0,44.0
2025-06-04,07:40:00,44.0,44.0,44.0,44.0
2025-06-04,07:45:00,45.04999923706055,45.47999954223633,44.97999954223633,45.15999984741211
2025-06-04,07:50:00,45.15999984741211,45.15999984741211,44.939998626708984,44.939998626708984
2025-06-04,07:55:00,45.04999923706055,45.04999923706055,44.900001525878906,44.900001525878906
2025-06-04,08:00:00,45.0,45.099998474121094,44.779998779296875,45.099998474121094
2025-06-04,08:05:00,45.099998474121094,45.15999984741211,45.099998474121094,45.15999984741211
2025-06-04,08:10:00,45.15999984741211,45.709999084472656,45.15999984741211,45.20000076293945
2025-06-04,08:20:00,45.5,45.720001220703125,45.5,45.720001220703125
2025-06-04,08:25:00,45.720001220703125,45.720001220703125,45.720001220703125,45.720001220703125
2025-06-04,08:30:00,45.720001220703125,45.720001220703125,45.709999084472656,45.709999084472656
2025-06-04,08:35:00,45.70000076293945,45.70000076293945,45.689998626708984,45.689998626708984
2025-06-04,08:40:00,45.709999084472656,45.720001220703125,45.2599983215332,45.720001220703125
2025-06-04,08:45:00,45.709999084472656,45.709999084472656,45.709999084472656,45.709999084472656
2025-06-04,08:55:00,45.709999084472656,45.709999084472656,45.709999084472656,45.709999084472656
2025-06-04,09:00:00,45.709999084472656,45.720001220703125,45.29999923706055,45.709999084472656
2025-06-04,09:10:00,45.45000076293945,45.70000076293945,45.0,45.0
2025-06-04,09:15:00,45.11000061035156,45.2599983215332,45.0,45.0
2025-06-04,09:20:00,45.0,45.70000076293945,44.209999084472656,44.65999984741211
2025-06-04,09:25:00,45.5,45.5,45.5,45.5
2025-06-04,09:30:00,45.59000015258789,45.70000076293945,45.099998474121094,45.70000076293945
2025-06-04,09:35:00,45.20000076293945,45.5,45.20000076293945,45.5
2025-06-04,09:40:00,45.650001525878906,45.720001220703125,45.650001525878906,45.720001220703125
2025-06-04,09:45:00,45.720001220703125,45.720001220703125,45.310001373291016,45.720001220703125
2025-06-04,09:50:00,45.720001220703125,45.720001220703125,45.709999084472656,45.720001220703125
2025-06-04,09:55:00,45.720001220703125,45.720001220703125,45.349998474121094,45.689998626708984
2025-06-05,03:45:00,46.439998626708984,46.79999923706055,46.11000061035156,46.529998779296875
2025-06-05,03:50:00,46.650001525878906,46.79999923706055,46.09000015258789,46.29999923706055
2025-06-05,03:55:00,46.29999923706055,46.29999923706055,45.619998931884766,45.619998931884766
2025-06-05,04:00:00,45.84000015258789,46.189998626708984,45.65999984741211,45.65999984741211
2025-06-05,04:05:00,45.119998931884766,45.27000045776367,44.650001525878906,45.27000045776367
2025-06-05,04:10:00,45.04999923706055,45.779998779296875,45.04999923706055,45.779998779296875
2025-06-05,04:15:00,45.88999938964844,46.060001373291016,45.88999938964844,46.029998779296875
2025-06-05,04:20:00,46.189998626708984,46.189998626708984,46.099998474121094,46.16999816894531
2025-06-05,04:25:00,46.13999938964844,46.16999816894531,45.90999984741211,46.16999816894531
2025-06-05,04:30:00,46.16999816894531,46.16999816894531,45.90999984741211,46.16999816894531
2025-06-05,04:35:00,46.09000015258789,46.09000015258789,45.880001068115234,45.880001068115234
2025-06-05,04:40:00,45.869998931884766,45.869998931884766,45.869998931884766,45.869998931884766
2025-06-05,04:55:00,45.84000015258789,45.84000015258789,45.810001373291016,45.810001373291016
2025-06-05,05:00:00,45.310001373291016,45.310001373291016,45.22999954223633,45.310001373291016
2025-06-05,05:05:00,45.16999816894531,45.400001525878906,45.16999816894531,45.369998931884766
2025-06-05,05:10:00,45.439998626708984,45.439998626708984,45.439998626708984,45.439998626708984
2025-06-05,05:15:00,45.439998626708984,45.45000076293945,45.439998626708984,45.45000076293945
2025-06-05,05:20:00,45.45000076293945,45.45000076293945,45.45000076293945,45.45000076293945
2025-06-05,05:25:00,45.619998931884766,45.650001525878906,45.619998931884766,45.650001525878906
2025-06-05,05:30:00,45.689998626708984,45.689998626708984,45.619998931884766,45.619998931884766
2025-06-05,05:35:00,45.70000076293945,45.70000076293945,45.619998931884766,45.619998931884766
2025-06-05,05:45:00,45.689998626708984,45.689998626708984,45.619998931884766,45.619998931884766
2025-06-05,05:50:00,45.689998626708984,45.70000076293945,45.689998626708984,45.689998626708984
2025-06-05,06:00:00,45.70000076293945,45.70000076293945,45.689998626708984,45.689998626708984
2025-06-05,06:05:00,45.689998626708984,45.70000076293945,45.689998626708984,45.70000076293945
2025-06-05,06:10:00,45.619998931884766,45.619998931884766,45.619998931884766,45.619998931884766
2025-06-05,06:15:00,45.66999816894531,45.66999816894531,45.63999938964844,45.66999816894531
2025-06-05,06:20:00,45.66999816894531,45.66999816894531,45.66999816894531,45.66999816894531
2025-06-05,06:25:00,45.689998626708984,45.689998626708984,45.689998626708984,45.689998626708984
2025-06-05,06:30:00,45.529998779296875,45.529998779296875,45.529998779296875,45.529998779296875
2025-06-05,06:35:00,45.459999084472656,45.459999084472656,45.459999084472656,45.459999084472656
2025-06-05,06:50:00,45.560001373291016,45.560001373291016,45.560001373291016,45.560001373291016
2025-06-05,06:55:00,45.560001373291016,45.560001373291016,45.560001373291016,45.560001373291016
2025-06-05,07:00:00,45.70000076293945,45.70000076293945,45.45000076293945,45.45000076293945
2025-06-05,07:05:00,45.70000076293945,45.70000076293945,45.70000076293945,45.70000076293945
2025-06-05,07:10:00,45.439998626708984,45.439998626708984,45.439998626708984,45.439998626708984
2025-06-05,07:15:00,45.61000061035156,45.61000061035156,45.220001220703125,45.220001220703125
2025-06-05,07:20:00,45.439998626708984,45.439998626708984,45.439998626708984,45.439998626708984
2025-06-05,07:30:00,45.560001373291016,45.560001373291016,45.560001373291016,45.560001373291016
2025-06-05,07:40:00,45.43000030517578,45.43000030517578,45.43000030517578,45.43000030517578
2025-06-05,08:00:00,45.5,45.63999938964844,45.5,45.63999938964844
2025-06-05,08:10:00,45.630001068115234,45.63999938964844,45.5,45.63999938964844
2025-06-05,08:30:00,45.5,45.5,45.5,45.5
2025-06-05,08:40:00,45.63999938964844,45.63999938964844,45.63999938964844,45.63999938964844
2025-06-05,08:45:00,45.58000183105469,45.599998474121094,45.58000183105469,45.599998474121094
2025-06-05,08:50:00,45.599998474121094,45.599998474121094,45.599998474121094,45.599998474121094
2025-06-05,08:55:00,45.599998474121094,45.599998474121094,45.599998474121094,45.599998474121094
2025-06-05,09:00:00,45.45000076293945,45.459999084472656,45.45000076293945,45.459999084472656
2025-06-05,09:15:00,45.38999938964844,45.38999938964844,45.38999938964844,45.38999938964844
2025-06-05,09:20:00,45.18000030517578,45.18000030517578,45.18000030517578,45.18000030517578
2025-06-05,09:25:00,45.18000030517578,45.36000061035156,45.18000030517578,45.189998626708984
2025-06-05,09:30:00,45.310001373291016,45.380001068115234,45.310001373291016,45.380001068115234
2025-06-05,09:35:00,45.380001068115234,45.380001068115234,45.29999923706055,45.29999923706055
2025-06-05,09:40:00,45.2400016784668,45.2400016784668,45.16999816894531,45.16999816894531
2025-06-05,09:45:00,45.16999816894531,45.31999969482422,45.16999816894531,45.31999969482422
2025-06-05,09:50:00,45.45000076293945,45.61000061035156,45.45000076293945,45.61000061035156
2025-06-05,09:55:00,45.619998931884766,45.72999954223633,44.15999984741211,45.369998931884766
2025-06-06,03:45:00,45.5,46.02000045776367,45.5,46.02000045776367
2025-06-06,03:50:00,46.099998474121094,46.5,45.86000061035156,45.86000061035156
2025-06-06,03:55:00,45.650001525878906,45.650001525878906,45.400001525878906,45.400001525878906
2025-06-06,04:00:00,45.47999954223633,45.540000915527344,45.47999954223633,45.540000915527344
2025-06-06,04:05:00,45.540000915527344,45.599998474121094,45.41999816894531,45.41999816894531
2025-06-06,04:10:00,45.599998474121094,45.599998474121094,45.47999954223633,45.47999954223633
2025-06-06,04:15:00,45.47999954223633,45.47999954223633,45.41999816894531,45.41999816894531
2025-06-06,04:20:00,46.52000045776367,47.47999954223633,46.52000045776367,47.27000045776367
2025-06-06,04:25:00,47.189998626708984,47.400001525878906,47.189998626708984,47.25
2025-06-06,04:30:00,47.25,47.34000015258789,46.970001220703125,47.34000015258789
2025-06-06,04:35:00,47.310001373291016,47.310001373291016,46.970001220703125,47.060001373291016
2025-06-06,04:40:00,47.11000061035156,47.11000061035156,47.11000061035156,47.11000061035156
2025-06-06,04:45:00,47.27000045776367,47.27000045776367,47.0099983215332,47.06999969482422
2025-06-06,04:55:00,47.0,47.25,46.61000061035156,46.61000061035156
2025-06-06,05:00:00,47.04999923706055,47.04999923706055,47.029998779296875,47.029998779296875
2025-06-06,05:05:00,47.20000076293945,47.220001220703125,47.20000076293945,47.209999084472656
2025-06-06,05:10:00,47.150001525878906,47.150001525878906,46.52000045776367,46.52000045776367
2025-06-06,05:20:00,46.52000045776367,47.189998626708984,46.52000045776367,47.09000015258789
2025-06-06,05:25:00,47.06999969482422,47.09000015258789,47.06999969482422,47.09000015258789
2025-06-06,05:30:00,46.63999938964844,46.86000061035156,46.63999938964844,46.86000061035156
2025-06-06,05:45:00,47.0,47.0,47.0,47.0
2025-06-06,05:50:00,46.7599983215332,46.959999084472656,46.7599983215332,46.959999084472656
2025-06-06,05:55:00,46.97999954223633,46.97999954223633,46.97999954223633,46.97999954223633
2025-06-06,06:00:00,47.0,47.0,47.0,47.0
2025-06-06,06:05:00,47.0,47.0,47.0,47.0
2025-06-06,06:20:00,47.27000045776367,47.27000045776367,47.27000045776367,47.27000045776367
2025-06-06,06:25:00,47.5,47.939998626708984,47.5,47.939998626708984
2025-06-06,06:30:00,47.939998626708984,48.0,47.75,48.0
2025-06-06,06:35:00,47.72999954223633,48.0,47.72999954223633,48.0
2025-06-06,06:40:00,48.0,48.0,47.88999938964844,47.88999938964844
2025-06-06,06:45:00,47.790000915527344,48.25,47.790000915527344,48.2400016784668
2025-06-06,06:50:00,48.400001525878906,48.400001525878906,48.099998474121094,48.290000915527344
2025-06-06,06:55:00,48.0099983215332,48.400001525878906,48.0099983215332,48.16999816894531
2025-06-06,07:00:00,48.16999816894531,48.16999816894531,48.11000061035156,48.11000061035156
2025-06-06,07:10:00,48.04999923706055,48.16999816894531,48.02000045776367,48.02000045776367
2025-06-06,07:20:00,48.150001525878906,48.380001068115234,48.150001525878906,48.380001068115234
2025-06-06,07:25:00,48.400001525878906,48.400001525878906,48.400001525878906,48.400001525878906
2025-06-06,07:30:00,48.36000061035156,48.36000061035156,48.08000183105469,48.08000183105469
2025-06-06,07:35:00,48.08000183105469,48.5,48.08000183105469,48.5
2025-06-06,07:40:00,48.369998931884766,48.369998931884766,48.150001525878906,48.150001525878906
2025-06-06,07:55:00,48.0,48.20000076293945,48.0,48.0
2025-06-06,08:00:00,48.0,48.0,48.0,48.0
2025-06-06,08:05:00,48.0,48.0,48.0,48.0
2025-06-06,08:10:00,48.2400016784668,48.560001373291016,48.2400016784668,48.560001373291016
2025-06-06,08:15:00,48.47999954223633,48.47999954223633,48.47999954223633,48.47999954223633
2025-06-06,08:20:00,48.540000915527344,48.7400016784668,48.540000915527344,48.540000915527344
2025-06-06,08:25:00,48.540000915527344,48.75,48.540000915527344,48.540000915527344
2025-06-06,08:30:00,48.56999969482422,48.56999969482422,48.310001373291016,48.470001220703125
2025-06-06,08:40:00,48.88999938964844,48.88999938964844,48.79999923706055,48.79999923706055
2025-06-06,08:45:00,48.790000915527344,48.790000915527344,48.56999969482422,48.56999969482422
2025-06-06,08:50:00,48.59000015258789,48.59000015258789,48.59000015258789,48.59000015258789
2025-06-06,08:55:00,48.88999938964844,49.20000076293945,48.709999084472656,49.20000076293945
2025-06-06,09:00:00,49.0,49.0,48.9900016784668,48.9900016784668
2025-06-06,09:10:00,48.810001373291016,48.810001373291016,48.560001373291016,48.560001373291016
2025-06-06,09:15:00,48.52000045776367,48.52000045776367,48.52000045776367,48.52000045776367
2025-06-06,09:20:00,48.5099983215332,48.52000045776367,48.5,48.52000045776367
2025-06-06,09:30:00,48.81999969482422,48.81999969482422,48.650001525878906,48.650001525878906
2025-06-06,09:35:00,48.540000915527344,49.68000030517578,48.40999984741211,48.97999954223633
2025-06-06,09:40:00,48.97999954223633,49.25,48.97999954223633,49.25
2025-06-06,09:45:00,48.9900016784668,49.34000015258789,48.9900016784668,49.029998779296875
2025-06-06,09:50:00,48.9900016784668,49.380001068115234,48.90999984741211,49.380001068115234
2025-06-06,09:55:00,48.79999923706055,50.25,48.72999954223633,49.400001525878906
2025-06-09,03:45:00,49.959999084472656,53.20000076293945,49.959999084472656,53.0
2025-06-09,03:50:00,52.77000045776367,55.75,52.52000045776367,54.9900016784668
2025-06-09,03:55:00,55.0,56.88999938964844,55.0,56.25
2025-06-09,04:00:00,56.38999938964844,57.790000915527344,56.38999938964844,56.97999954223633
2025-06-09,04:05:00,56.79999923706055,59.279998779296875,56.79999923706055,59.279998779296875
2025-06-09,04:10:00,59.279998779296875,59.279998779296875,56.0,56.869998931884766
2025-06-09,04:15:00,56.88999938964844,57.75,56.439998626708984,57.7400016784668
2025-06-09,04:20:00,57.7400016784668,59.04999923706055,57.04999923706055,59.04999923706055
2025-06-09,04:25:00,58.25,59.189998626708984,56.52000045776367,57.4900016784668
2025-06-09,04:30:00,57.5,57.5,56.70000076293945,57.22999954223633
2025-06-09,04:35:00,57.119998931884766,57.779998779296875,55.119998931884766,55.9900016784668
2025-06-09,04:40:00,56.0,56.0,54.0,54.0
2025-06-09,04:45:00,54.0,54.79999923706055,53.61000061035156,54.79999923706055
2025-06-09,04:50:00,54.79999923706055,55.09000015258789,54.119998931884766,55.09000015258789
2025-06-09,04:55:00,55.099998474121094,55.959999084472656,54.61000061035156,55.939998626708984
2025-06-09,05:00:00,55.900001525878906,55.900001525878906,55.310001373291016,55.400001525878906
2025-06-09,05:05:00,55.400001525878906,55.54999923706055,55.209999084472656,55.54999923706055
2025-06-09,05:10:00,55.54999923706055,56.38999938964844,55.5,56.38999938964844
2025-06-09,05:15:00,56.279998779296875,57.2400016784668,55.9900016784668,56.5
2025-06-09,05:20:00,56.5,56.5,56.20000076293945,56.5
2025-06-09,05:25:00,56.5,56.5,55.209999084472656,55.9900016784668
2025-06-09,05:30:00,55.220001220703125,55.790000915527344,55.220001220703125,55.790000915527344
2025-06-09,05:35:00,55.310001373291016,55.790000915527344,54.54999923706055,55.63999938964844
2025-06-09,05:40:00,54.95000076293945,55.59000015258789,54.4900016784668,54.86000061035156
2025-06-09,05:45:00,54.84000015258789,55.439998626708984,53.9900016784668,54.369998931884766
2025-06-09,05:50:00,53.9900016784668,54.38999938964844,53.650001525878906,54.2400016784668
2025-06-09,05:55:00,54.2599983215332,54.38999938964844,54.11000061035156,54.38999938964844
2025-06-09,06:00:00,54.38999938964844,55.47999954223633,54.38999938964844,54.86000061035156
2025-06-09,06:05:00,55.29999923706055,55.59000015258789,54.43000030517578,55.02000045776367
2025-06-09,06:10:00,55.08000183105469,55.470001220703125,54.70000076293945,54.849998474121094
2025-06-09,06:15:00,55.58000183105469,55.58000183105469,54.5,54.70000076293945
2025-06-09,06:20:00,54.88999938964844,54.900001525878906,54.88999938964844,54.900001525878906
2025-06-09,06:25:00,54.91999816894531,55.529998779296875,54.66999816894531,55.0099983215332
2025-06-09,06:30:00,54.5,55.0,54.5,55.0
2025-06-09,06:35:00,54.7599983215332,54.9900016784668,54.7599983215332,54.9900016784668
2025-06-09,06:40:00,55.0,55.38999938964844,55.0,55.38999938964844
2025-06-09,06:45:00,55.400001525878906,55.5,55.0099983215332,55.0099983215332
2025-06-09,06:50:00,55.4900016784668,55.5,54.7599983215332,54.939998626708984
2025-06-09,06:55:00,54.90999984741211,55.43000030517578,54.88999938964844,55.43000030517578
2025-06-09,07:00:00,55.43000030517578,55.4900016784668,54.97999954223633,54.97999954223633
2025-06-09,07:05:00,54.970001220703125,54.97999954223633,54.77000045776367,54.77000045776367
2025-06-09,07:10:00,54.970001220703125,54.97999954223633,54.779998779296875,54.97999954223633
2025-06-09,07:15:00,54.97999954223633,54.97999954223633,54.810001373291016,54.810001373291016
2025-06-09,07:20:00,54.810001373291016,54.97999954223633,54.810001373291016,54.97999954223633
2025-06-09,07:25:00,54.97999954223633,54.97999954223633,54.79999923706055,54.97999954223633
2025-06-09,07:30:00,54.97999954223633,54.97999954223633,54.970001220703125,54.97999954223633
2025-06-09,07:35:00,54.97999954223633,54.97999954223633,54.83000183105469,54.959999084472656
2025-06-09,07:40:00,54.959999084472656,54.97999954223633,54.810001373291016,54.810001373291016
2025-06-09,07:45:00,54.97999954223633,56.0,54.97999954223633,55.59000015258789
2025-06-09,07:50:00,55.540000915527344,55.650001525878906,55.27000045776367,55.650001525878906
2025-06-09,07:55:00,55.650001525878906,56.38999938964844,55.650001525878906,56.25
2025-06-09,08:00:00,56.04999923706055,56.45000076293945,56.0,56.45000076293945
2025-06-09,08:05:00,56.439998626708984,56.439998626708984,56.15999984741211,56.369998931884766
2025-06-09,08:10:00,56.310001373291016,56.45000076293945,56.29999923706055,56.29999923706055
2025-06-09,08:15:00,56.209999084472656,56.5,56.209999084472656,56.349998474121094
2025-06-09,08:20:00,56.349998474121094,56.5,55.59000015258789,55.630001068115234
2025-06-09,08:25:00,55.65999984741211,56.0,55.63999938964844,56.0
2025-06-09,08:30:00,55.95000076293945,56.0,55.95000076293945,55.959999084472656
2025-06-09,08:35:00,55.900001525878906,55.900001525878906,55.5099983215332,55.84000015258789
2025-06-09,08:40:00,55.5,55.869998931884766,55.400001525878906,55.400001525878906
2025-06-09,08:45:00,55.400001525878906,55.4900016784668,55.400001525878906,55.47999954223633
2025-06-09,08:50:00,55.5,55.5,55.33000183105469,55.33000183105469
2025-06-09,08:55:00,55.349998474121094,55.4900016784668,55.31999969482422,55.470001220703125
2025-06-09,09:00:00,55.470001220703125,55.5,55.22999954223633,55.22999954223633
2025-06-09,09:05:00,56.0,56.0,55.2400016784668,55.689998626708984
2025-06-09,09:10:00,55.68000030517578,55.68000030517578,55.290000915527344,55.63999938964844
2025-06-09,09:15:00,55.4900016784668,55.4900016784668,55.2599983215332,55.2599983215332
2025-06-09,09:20:00,55.0,55.43000030517578,55.0,55.02000045776367
2025-06-09,09:25:00,55.380001068115234,55.400001525878906,55.02000045776367,55.400001525878906
2025-06-09,09:30:00,55.380001068115234,55.38999938964844,54.72999954223633,54.72999954223633
2025-06-09,09:35:00,54.70000076293945,54.9900016784668,54.5,54.9900016784668
2025-06-09,09:40:00,54.97999954223633,54.9900016784668,54.33000183105469,54.33000183105469
2025-06-09,09:45:00,54.150001525878906,54.790000915527344,53.7400016784668,53.95000076293945
2025-06-09,09:50:00,53.95000076293945,54.0,53.619998931884766,54.0
2025-06-09,09:55:00,54.0,54.68000030517578,53.5,54.310001373291016
2025-06-10,03:45:00,54.5,56.0,54.5,56.0
2025-06-10,03:50:00,55.959999084472656,56.20000076293945,55.2400016784668,55.939998626708984
2025-06-10,03:55:00,55.91999816894531,56.400001525878906,55.91999816894531,56.0
2025-06-10,04:00:00,55.939998626708984,56.119998931884766,55.5,55.5
2025-06-10,04:05:00,55.5,55.5,55.0099983215332,55.220001220703125
2025-06-10,04:10:00,55.209999084472656,55.209999084472656,54.400001525878906,54.939998626708984
2025-06-10,04:15:00,54.95000076293945,54.97999954223633,54.79999923706055,54.95000076293945
2025-06-10,04:20:00,54.959999084472656,54.959999084472656,54.810001373291016,54.959999084472656
2025-06-10,04:25:00,54.970001220703125,54.9900016784668,54.970001220703125,54.970001220703125
2025-06-10,04:30:00,55.0,55.0,54.97999954223633,55.0
2025-06-10,04:35:00,54.970001220703125,55.0,54.970001220703125,55.0
2025-06-10,04:40:00,55.0,55.0,55.0,55.0
2025-06-10,04:45:00,55.0,55.54999923706055,55.0,55.38999938964844
2025-06-10,04:50:00,55.38999938964844,55.5,55.38999938964844,55.5
2025-06-10,04:55:00,55.5,55.54999923706055,55.2599983215332,55.54999923706055
2025-06-10,05:00:00,55.45000076293945,55.45000076293945,55.45000076293945,55.45000076293945
2025-06-10,05:05:00,55.18000030517578,55.33000183105469,55.18000030517578,55.33000183105469
2025-06-10,05:10:00,55.189998626708984,55.2599983215332,55.189998626708984,55.2599983215332
2025-06-10,05:15:00,55.189998626708984,55.189998626708984,54.11000061035156,54.11000061035156
2025-06-10,05:20:00,54.2599983215332,54.5,54.2599983215332,54.47999954223633
2025-06-10,05:25:00,54.22999954223633,54.36000061035156,53.56999969482422,53.91999816894531
2025-06-10,05:30:00,53.93000030517578,54.0,53.93000030517578,53.93000030517578
2025-06-10,05:35:00,53.709999084472656,53.7599983215332,53.27000045776367,53.7599983215332
2025-06-10,05:40:00,53.7599983215332,53.79999923706055,53.7599983215332,53.79999923706055
2025-06-10,05:45:00,53.93000030517578,53.93000030517578,53.83000183105469,53.83000183105469
2025-06-10,05:50:00,53.79999923706055,53.97999954223633,53.47999954223633,53.68000030517578
2025-06-10,05:55:00,53.630001068115234,53.630001068115234,53.599998474121094,53.599998474121094
2025-06-10,06:00:00,53.599998474121094,53.66999816894531,53.599998474121094,53.66999816894531
2025-06-10,06:05:00,53.66999816894531,53.68000030517578,53.599998474121094,53.61000061035156
2025-06-10,06:10:00,53.66999816894531,53.68000030517578,53.66999816894531,53.68000030517578
2025-06-10,06:15:00,53.709999084472656,53.709999084472656,53.709999084472656,53.709999084472656
2025-06-10,06:20:00,53.709999084472656,53.709999084472656,53.68000030517578,53.68000030517578
2025-06-10,06:25:00,53.709999084472656,53.709999084472656,53.61000061035156,53.61000061035156
2025-06-10,06:30:00,53.7599983215332,53.7599983215332,53.7599983215332,53.7599983215332
2025-06-10,06:35:00,53.720001220703125,53.720001220703125,53.70000076293945,53.70000076293945
2025-06-10,06:40:00,53.52000045776367,53.619998931884766,53.52000045776367,53.619998931884766
2025-06-10,06:45:00,53.619998931884766,53.619998931884766,52.77000045776367,52.900001525878906
2025-06-10,06:50:00,52.88999938964844,52.95000076293945,52.709999084472656,52.95000076293945
2025-06-10,06:55:00,52.900001525878906,52.900001525878906,52.060001373291016,52.599998474121094
2025-06-10,07:00:00,52.459999084472656,53.0,52.279998779296875,52.880001068115234
2025-06-10,07:05:00,53.0,53.0,52.5,52.5
2025-06-10,07:10:00,52.66999816894531,52.66999816894531,52.459999084472656,52.459999084472656
2025-06-10,07:15:00,52.689998626708984,52.86000061035156,52.599998474121094,52.86000061035156
2025-06-10,07:20:00,52.86000061035156,52.86000061035156,52.099998474121094,52.43000030517578
2025-06-10,07:25:00,52.29999923706055,52.29999923706055,51.779998779296875,51.9900016784668
2025-06-10,07:30:00,52.380001068115234,52.650001525878906,52.150001525878906,52.150001525878906
2025-06-10,07:35:00,52.150001525878906,52.189998626708984,52.150001525878906,52.189998626708984
2025-06-10,07:40:00,52.220001220703125,52.61000061035156,52.220001220703125,52.61000061035156
2025-06-10,07:45:00,52.61000061035156,52.709999084472656,52.61000061035156,52.709999084472656
2025-06-10,07:50:00,52.709999084472656,53.0,52.61000061035156,53.0
2025-06-10,07:55:00,53.029998779296875,53.029998779296875,53.0,53.0
2025-06-10,08:00:00,53.0,53.0,53.0,53.0
2025-06-10,08:05:00,53.27000045776367,53.27000045776367,53.2400016784668,53.2400016784668
2025-06-10,08:10:00,53.22999954223633,53.22999954223633,53.029998779296875,53.029998779296875
2025-06-10,08:15:00,52.709999084472656,52.849998474121094,52.630001068115234,52.630001068115234
2025-06-10,08:20:00,52.619998931884766,52.619998931884766,52.619998931884766,52.619998931884766
2025-06-10,08:25:00,52.66999816894531,52.66999816894531,52.66999816894531,52.66999816894531
2025-06-10,08:30:00,52.65999984741211,52.65999984741211,52.45000076293945,52.45000076293945
2025-06-10,08:35:00,52.47999954223633,52.689998626708984,52.47999954223633,52.689998626708984
2025-06-10,08:40:00,52.619998931884766,52.720001220703125,52.560001373291016,52.56999969482422
2025-06-10,08:45:00,52.650001525878906,52.650001525878906,52.59000015258789,52.59000015258789
2025-06-10,08:50:00,52.59000015258789,52.59000015258789,52.59000015258789,52.59000015258789
2025-06-10,08:55:00,52.599998474121094,52.599998474121094,51.9900016784668,52.0
2025-06-10,09:00:00,51.9900016784668,52.70000076293945,51.959999084472656,52.70000076293945
2025-06-10,09:05:00,52.540000915527344,52.689998626708984,52.15999984741211,52.15999984741211
2025-06-10,09:10:00,52.29999923706055,52.29999923706055,52.27000045776367,52.27000045776367
2025-06-10,09:15:00,52.29999923706055,52.38999938964844,52.189998626708984,52.380001068115234
2025-06-10,09:30:00,52.38999938964844,52.38999938964844,52.0,52.0099983215332
2025-06-10,09:35:00,52.0099983215332,52.31999969482422,52.0,52.15999984741211
2025-06-10,09:40:00,52.060001373291016,52.290000915527344,52.0099983215332,52.22999954223633
2025-06-10,09:45:00,52.2599983215332,52.349998474121094,52.0,52.0
2025-06-10,09:50:00,52.33000183105469,52.349998474121094,52.0,52.0
2025-06-10,09:55:00,52.0,53.33000183105469,52.0,52.349998474121094
2025-06-11,03:45:00,51.79999923706055,53.79999923706055,51.79999923706055,53.65999984741211
2025-06-11,03:50:00,53.650001525878906,54.0,53.650001525878906,53.75
2025-06-11,03:55:00,53.720001220703125,53.720001220703125,52.9900016784668,52.9900016784668
2025-06-11,04:00:00,52.959999084472656,52.9900016784668,52.70000076293945,52.9900016784668
2025-06-11,04:05:00,53.0,53.0,52.97999954223633,52.97999954223633
2025-06-11,04:10:00,52.810001373291016,53.0,52.810001373291016,53.0
2025-06-11,04:15:00,53.0,53.0,53.0,53.0
2025-06-11,04:20:00,52.83000183105469,52.83000183105469,52.810001373291016,52.810001373291016
2025-06-11,04:25:00,52.91999816894531,52.91999816894531,52.91999816894531,52.91999816894531
2025-06-11,04:30:00,52.91999816894531,52.91999816894531,52.810001373291016,52.88999938964844
2025-06-11,04:35:00,52.880001068115234,52.88999938964844,52.7400016784668,52.7400016784668
2025-06-11,04:40:00,52.72999954223633,52.72999954223633,52.72999954223633,52.72999954223633
2025-06-11,04:45:00,52.720001220703125,52.720001220703125,52.720001220703125,52.720001220703125
2025-06-11,04:50:00,52.88999938964844,53.2599983215332,52.68000030517578,53.2599983215332
2025-06-11,04:55:00,52.720001220703125,52.95000076293945,52.720001220703125,52.95000076293945
2025-06-11,05:00:00,52.939998626708984,53.11000061035156,52.939998626708984,53.11000061035156
2025-06-11,05:05:00,53.11000061035156,53.11000061035156,53.11000061035156,53.11000061035156
2025-06-11,05:10:00,53.11000061035156,53.11000061035156,52.79999923706055,52.79999923706055
2025-06-11,05:15:00,52.939998626708984,53.11000061035156,52.83000183105469,52.83000183105469
2025-06-11,05:20:00,52.83000183105469,52.83000183105469,52.83000183105469,52.83000183105469
2025-06-11,05:30:00,52.5099983215332,52.560001373291016,52.5099983215332,52.560001373291016
2025-06-11,05:35:00,52.619998931884766,53.75,52.619998931884766,53.150001525878906
2025-06-11,05:40:00,53.380001068115234,53.380001068115234,53.380001068115234,53.380001068115234
2025-06-11,05:45:00,53.75,53.75,53.400001525878906,53.400001525878906
2025-06-11,05:50:00,53.400001525878906,53.400001525878906,53.31999969482422,53.31999969482422
2025-06-11,06:05:00,53.650001525878906,53.650001525878906,53.650001525878906,53.650001525878906
2025-06-11,06:20:00,53.650001525878906,53.650001525878906,53.650001525878906,53.650001525878906
2025-06-11,06:25:00,53.650001525878906,53.650001525878906,53.63999938964844,53.650001525878906
2025-06-11,06:35:00,53.310001373291016,53.310001373291016,53.310001373291016,53.310001373291016
2025-06-11,06:40:00,53.0099983215332,53.0099983215332,52.720001220703125,52.720001220703125
2025-06-11,06:45:00,52.7400016784668,52.7400016784668,52.7400016784668,52.7400016784668
2025-06-11,06:50:00,53.0,53.0,52.849998474121094,52.86000061035156
2025-06-11,06:55:00,53.0,53.0,53.0,53.0
2025-06-11,07:00:00,52.86000061035156,52.86000061035156,52.86000061035156,52.86000061035156
2025-06-11,07:10:00,52.790000915527344,52.790000915527344,52.790000915527344,52.790000915527344
2025-06-11,07:20:00,52.79999923706055,52.91999816894531,52.790000915527344,52.91999816894531
2025-06-11,07:25:00,52.7400016784668,52.7400016784668,52.7400016784668,52.7400016784668
2025-06-11,07:30:00,52.79999923706055,52.79999923706055,52.79999923706055,52.79999923706055
2025-06-11,07:40:00,52.75,52.75,52.75,52.75
2025-06-11,07:45:00,52.79999923706055,52.79999923706055,52.79999923706055,52.79999923706055
2025-06-11,07:55:00,52.790000915527344,52.790000915527344,52.790000915527344,52.790000915527344
2025-06-11,08:00:00,52.52000045776367,52.93000030517578,52.52000045776367,52.93000030517578
2025-06-11,08:10:00,52.70000076293945,52.70000076293945,52.65999984741211,52.65999984741211
2025-06-11,08:15:00,52.66999816894531,52.93000030517578,52.66999816894531,52.66999816894531
2025-06-11,08:20:00,52.65999984741211,52.65999984741211,52.65999984741211,52.65999984741211
2025-06-11,08:25:00,52.65999984741211,52.65999984741211,52.560001373291016,52.58000183105469
2025-06-11,08:30:00,52.560001373291016,52.560001373291016,52.5099983215332,52.5099983215332
2025-06-11,08:40:00,52.599998474121094,52.720001220703125,52.599998474121094,52.720001220703125
2025-06-11,08:50:00,52.97999954223633,52.97999954223633,52.619998931884766,52.93000030517578
2025-06-11,08:55:00,52.77000045776367,52.77000045776367,52.77000045776367,52.77000045776367
2025-06-11,09:00:00,52.779998779296875,52.88999938964844,52.779998779296875,52.88999938964844
2025-06-11,09:10:00,52.77000045776367,52.77000045776367,52.77000045776367,52.77000045776367
2025-06-11,09:15:00,52.779998779296875,52.779998779296875,52.779998779296875,52.779998779296875
2025-06-11,09:20:00,52.88999938964844,52.88999938964844,52.83000183105469,52.83000183105469
2025-06-11,09:25:00,52.75,52.75,52.75,52.75
2025-06-11,09:30:00,52.81999969482422,52.81999969482422,52.619998931884766,52.619998931884766
2025-06-11,09:35:00,52.619998931884766,52.619998931884766,52.619998931884766,52.619998931884766
2025-06-11,09:40:00,52.75,52.880001068115234,52.7400016784668,52.7400016784668
2025-06-11,09:45:00,52.7599983215332,52.849998474121094,52.7599983215332,52.79999923706055
2025-06-11,09:50:00,52.849998474121094,53.06999969482422,52.849998474121094,53.04999923706055
2025-06-11,09:55:00,52.79999923706055,53.29999923706055,52.0,52.779998779296875
2025-06-12,03:45:00,52.970001220703125,53.439998626708984,52.970001220703125,53.189998626708984
2025-06-12,03:50:00,53.220001220703125,53.220001220703125,53.15999984741211,53.16999816894531
2025-06-12,03:55:00,53.310001373291016,53.310001373291016,53.310001373291016,53.310001373291016
2025-06-12,04:00:00,53.279998779296875,53.279998779296875,53.279998779296875,53.279998779296875
2025-06-12,04:05:00,53.40999984741211,53.689998626708984,53.40999984741211,53.689998626708984
2025-06-12,04:10:00,53.619998931884766,53.689998626708984,53.5,53.5
2025-06-12,04:15:00,53.529998779296875,53.70000076293945,53.2599983215332,53.2599983215332
2025-06-12,04:20:00,53.40999984741211,53.470001220703125,53.27000045776367,53.27000045776367
2025-06-12,04:25:00,53.689998626708984,53.689998626708984,53.5099983215332,53.5099983215332
2025-06-12,04:30:00,53.58000183105469,53.58000183105469,53.34000015258789,53.459999084472656
2025-06-12,04:35:00,53.40999984741211,53.40999984741211,53.40999984741211,53.40999984741211
2025-06-12,04:40:00,53.400001525878906,53.400001525878906,53.400001525878906,53.400001525878906
2025-06-12,04:45:00,53.40999984741211,53.40999984741211,53.40999984741211,53.40999984741211
2025-06-12,04:55:00,53.5,53.5,53.5,53.5
2025-06-12,05:00:00,53.400001525878906,53.400001525878906,53.400001525878906,53.400001525878906
2025-06-12,05:05:00,53.33000183105469,53.33000183105469,53.33000183105469,53.33000183105469
2025-06-12,05:10:00,53.33000183105469,53.34000015258789,53.33000183105469,53.33000183105469
2025-06-12,05:15:00,53.33000183105469,53.33000183105469,53.290000915527344,53.290000915527344
2025-06-12,05:20:00,53.290000915527344,53.290000915527344,53.290000915527344,53.290000915527344
2025-06-12,05:30:00,53.5,53.5,53.47999954223633,53.47999954223633
2025-06-12,05:35:00,53.27000045776367,53.27000045776367,53.27000045776367,53.27000045776367
2025-06-12,05:50:00,53.47999954223633,53.5,53.47999954223633,53.5
2025-06-12,06:05:00,53.5,53.5,53.5,53.5
2025-06-12,06:20:00,53.349998474121094,53.349998474121094,53.349998474121094,53.349998474121094
2025-06-12,06:25:00,53.349998474121094,53.349998474121094,53.349998474121094,53.349998474121094
2025-06-12,06:35:00,52.900001525878906,52.97999954223633,52.900001525878906,52.97999954223633
2025-06-12,06:45:00,52.97999954223633,52.97999954223633,52.97999954223633,52.97999954223633
2025-06-12,06:50:00,52.93000030517578,52.970001220703125,52.81999969482422,52.970001220703125
2025-06-12,06:55:00,52.77000045776367,53.0,52.43000030517578,52.720001220703125
2025-06-12,07:15:00,52.689998626708984,52.689998626708984,52.689998626708984,52.689998626708984
2025-06-12,07:20:00,52.84000015258789,52.84000015258789,52.84000015258789,52.84000015258789
2025-06-12,07:25:00,52.7599983215332,52.7599983215332,52.7599983215332,52.7599983215332
2025-06-12,07:30:00,52.88999938964844,52.88999938964844,52.88999938964844,52.88999938964844
2025-06-12,07:40:00,52.540000915527344,52.540000915527344,52.540000915527344,52.540000915527344
2025-06-12,07:45:00,52.529998779296875,52.529998779296875,52.529998779296875,52.529998779296875
2025-06-12,07:50:00,52.75,52.75,52.75,52.75
2025-06-12,08:00:00,52.41999816894531,52.41999816894531,52.41999816894531,52.41999816894531
2025-06-12,08:05:00,52.0,52.0,51.5,51.97999954223633
2025-06-12,08:10:00,51.97999954223633,52.0,51.88999938964844,51.88999938964844
2025-06-12,08:15:00,52.0,52.0,51.689998626708984,51.75
2025-06-12,08:20:00,51.5,51.5,51.20000076293945,51.310001373291016
2025-06-12,08:25:00,51.16999816894531,51.16999816894531,51.16999816894531,51.16999816894531
2025-06-12,08:30:00,51.189998626708984,51.47999954223633,51.189998626708984,51.47999954223633
2025-06-12,08:40:00,51.25,51.380001068115234,51.0,51.0
2025-06-12,08:45:00,51.0,51.0,51.0,51.0
2025-06-12,08:50:00,51.33000183105469,51.33000183105469,51.08000183105469,51.08000183105469
2025-06-12,08:55:00,51.09000015258789,51.09000015258789,51.02000045776367,51.02000045776367
2025-06-12,09:00:00,51.04999923706055,51.04999923706055,51.04999923706055,51.04999923706055
2025-06-12,09:10:00,51.060001373291016,51.25,51.060001373291016,51.25
2025-06-12,09:15:00,51.25,51.25,51.25,51.25
2025-06-12,09:20:00,51.25,51.31999969482422,51.25,51.31999969482422
2025-06-12,09:25:00,51.58000183105469,51.58000183105469,51.25,51.25
2025-06-12,09:30:00,51.650001525878906,51.650001525878906,51.650001525878906,51.650001525878906
2025-06-12,09:35:00,51.400001525878906,51.400001525878906,51.400001525878906,51.400001525878906
2025-06-12,09:40:00,51.52000045776367,51.650001525878906,51.29999923706055,51.650001525878906
2025-06-12,09:45:00,51.77000045776367,51.77000045776367,51.7599983215332,51.7599983215332
2025-06-12,09:50:00,51.310001373291016,51.72999954223633,51.2599983215332,51.279998779296875
2025-06-12,09:55:00,49.189998626708984,50.400001525878906,49.099998474121094,49.099998474121094
2025-06-13,03:45:00,48.33000183105469,48.47999954223633,45.70000076293945,48.0
2025-06-13,03:50:00,47.630001068115234,47.90999984741211,45.0,45.0
2025-06-13,03:55:00,46.380001068115234,47.5,45.380001068115234,47.43000030517578
2025-06-13,04:00:00,46.5,46.529998779296875,46.220001220703125,46.470001220703125
2025-06-13,04:05:00,46.47999954223633,46.5,46.47999954223633,46.5
2025-06-13,04:10:00,46.5,46.880001068115234,46.5,46.86000061035156
2025-06-13,04:15:00,46.880001068115234,47.15999984741211,46.4900016784668,46.4900016784668
2025-06-13,04:20:00,46.5,47.0,46.5,46.810001373291016
2025-06-13,04:25:00,47.0,47.150001525878906,46.779998779296875,47.150001525878906
2025-06-13,04:30:00,46.77000045776367,47.189998626708984,46.77000045776367,46.900001525878906
2025-06-13,04:35:00,46.90999984741211,47.0,46.86000061035156,47.0
2025-06-13,04:40:00,46.5,46.97999954223633,46.5,46.97999954223633
2025-06-13,04:45:00,46.970001220703125,47.060001373291016,46.970001220703125,47.0
2025-06-13,04:50:00,47.029998779296875,47.099998474121094,47.0,47.0
2025-06-13,04:55:00,47.099998474121094,47.470001220703125,47.099998474121094,47.470001220703125
2025-06-13,05:00:00,47.470001220703125,47.470001220703125,47.470001220703125,47.470001220703125
2025-06-13,05:05:00,47.470001220703125,47.470001220703125,47.38999938964844,47.38999938964844
2025-06-13,05:10:00,47.119998931884766,47.349998474121094,47.119998931884766,47.25
2025-06-13,05:15:00,47.31999969482422,47.560001373291016,47.29999923706055,47.54999923706055
2025-06-13,05:20:00,47.54999923706055,47.650001525878906,47.54999923706055,47.650001525878906
2025-06-13,05:25:00,47.650001525878906,47.93000030517578,47.650001525878906,47.93000030517578
2025-06-13,05:30:00,47.939998626708984,48.099998474121094,47.939998626708984,48.04999923706055
2025-06-13,05:35:00,48.09000015258789,48.20000076293945,48.09000015258789,48.20000076293945
2025-06-13,05:45:00,48.130001068115234,48.130001068115234,48.119998931884766,48.130001068115234
2025-06-13,05:50:00,48.119998931884766,48.119998931884766,48.099998474121094,48.099998474121094
2025-06-13,05:55:00,48.0,48.040000915527344,47.93000030517578,48.040000915527344
2025-06-13,06:00:00,48.040000915527344,48.040000915527344,48.040000915527344,48.040000915527344
2025-06-13,06:05:00,48.11000061035156,48.119998931884766,48.11000061035156,48.119998931884766
2025-06-13,06:10:00,48.119998931884766,48.130001068115234,48.119998931884766,48.130001068115234
2025-06-13,06:15:00,48.099998474121094,48.189998626708984,48.0099983215332,48.189998626708984
2025-06-13,06:30:00,48.20000076293945,48.20000076293945,48.20000076293945,48.20000076293945
2025-06-13,06:35:00,48.209999084472656,48.4900016784668,48.209999084472656,48.400001525878906
2025-06-13,06:40:00,48.290000915527344,48.290000915527344,48.290000915527344,48.290000915527344
2025-06-13,06:45:00,48.279998779296875,48.47999954223633,48.209999084472656,48.47999954223633
2025-06-13,06:50:00,48.38999938964844,48.47999954223633,48.38999938964844,48.47999954223633
2025-06-13,06:55:00,48.47999954223633,48.47999954223633,48.38999938964844,48.38999938964844
2025-06-13,07:00:00,48.2599983215332,48.2599983215332,47.7400016784668,47.7400016784668
2025-06-13,07:05:00,47.619998931884766,47.619998931884766,47.0,47.43000030517578
2025-06-13,07:10:00,47.43000030517578,47.43000030517578,47.15999984741211,47.15999984741211
2025-06-13,07:15:00,47.0,47.68000030517578,47.0,47.68000030517578
2025-06-13,07:20:00,47.400001525878906,47.400001525878906,46.540000915527344,46.540000915527344
2025-06-13,07:25:00,46.540000915527344,47.15999984741211,46.540000915527344,47.15999984741211
2025-06-13,07:30:00,46.5,46.5,46.36000061035156,46.36000061035156
2025-06-13,07:35:00,46.310001373291016,47.34000015258789,46.310001373291016,46.810001373291016
2025-06-13,07:40:00,46.90999984741211,46.90999984741211,46.810001373291016,46.900001525878906
2025-06-13,07:45:00,46.95000076293945,47.09000015258789,46.95000076293945,47.0
2025-06-13,07:50:00,47.0,47.0,47.0,47.0
2025-06-13,07:55:00,47.09000015258789,47.09000015258789,46.939998626708984,46.939998626708984
2025-06-13,08:00:00,46.93000030517578,46.93000030517578,46.93000030517578,46.93000030517578
2025-06-13,08:10:00,46.93000030517578,46.93000030517578,46.93000030517578,46.93000030517578
2025-06-13,08:15:00,47.0,47.0,46.93000030517578,46.9900016784668
2025-06-13,08:20:00,46.93000030517578,47.279998779296875,46.93000030517578,47.279998779296875
2025-06-13,08:25:00,46.95000076293945,46.95000076293945,46.95000076293945,46.95000076293945
2025-06-13,08:30:00,46.95000076293945,47.029998779296875,46.95000076293945,47.0099983215332
2025-06-13,08:40:00,47.0,47.0,47.0,47.0
2025-06-13,08:45:00,47.290000915527344,47.290000915527344,46.83000183105469,46.83000183105469
2025-06-13,08:50:00,46.79999923706055,47.43000030517578,46.59000015258789,46.70000076293945
2025-06-13,08:55:00,46.70000076293945,46.70000076293945,46.70000076293945,46.70000076293945
2025-06-13,09:00:00,46.70000076293945,46.70000076293945,46.70000076293945,46.70000076293945
2025-06-13,09:05:00,46.849998474121094,46.849998474121094,46.540000915527344,46.540000915527344
2025-06-13,09:10:00,46.81999969482422,46.81999969482422,46.79999923706055,46.79999923706055
2025-06-13,09:15:00,47.02000045776367,47.02000045776367,46.88999938964844,46.88999938964844
2025-06-13,09:20:00,46.88999938964844,46.88999938964844,46.88999938964844,46.88999938964844
2025-06-13,09:25:00,46.220001220703125,47.18000030517578,46.220001220703125,47.18000030517578
2025-06-13,09:30:00,47.18000030517578,47.18000030517578,46.52000045776367,47.18000030517578
2025-06-13,09:40:00,47.13999938964844,47.13999938964844,47.0099983215332,47.0099983215332
2025-06-13,09:45:00,47.04999923706055,47.09000015258789,47.0,47.0
2025-06-13,09:50:00,47.0,47.18000030517578,47.0,47.18000030517578
2025-06-13,09:55:00,46.529998779296875,47.0099983215332,46.529998779296875,47.0099983215332
2025-06-16,03:45:00,46.09000015258789,47.9900016784668,46.09000015258789,47.93000030517578
2025-06-16,03:50:00,48.27000045776367,48.599998474121094,48.27000045776367,48.380001068115234
2025-06-16,03:55:00,48.4900016784668,48.4900016784668,47.650001525878906,47.650001525878906
2025-06-16,04:00:00,47.2599983215332,47.70000076293945,47.2599983215332,47.70000076293945
2025-06-16,04:05:00,47.709999084472656,47.709999084472656,46.5099983215332,47.0
2025-06-16,04:10:00,47.119998931884766,47.279998779296875,47.119998931884766,47.279998779296875
2025-06-16,04:15:00,47.18000030517578,47.18000030517578,47.18000030517578,47.18000030517578
2025-06-16,04:20:00,46.88999938964844,46.88999938964844,46.790000915527344,46.790000915527344
2025-06-16,04:25:00,46.619998931884766,46.97999954223633,46.5099983215332,46.97999954223633
2025-06-16,04:30:00,46.5099983215332,46.5099983215332,46.5099983215332,46.5099983215332
2025-06-16,04:35:00,46.5,46.5,46.08000183105469,46.2599983215332
2025-06-16,04:40:00,46.70000076293945,46.70000076293945,46.33000183105469,46.459999084472656
2025-06-16,04:45:00,46.68000030517578,46.75,46.68000030517578,46.75
2025-06-16,04:50:00,46.79999923706055,47.060001373291016,46.79999923706055,46.810001373291016
2025-06-16,04:55:00,46.709999084472656,46.709999084472656,46.70000076293945,46.70000076293945
2025-06-16,05:35:00,46.7400016784668,46.900001525878906,46.43000030517578,46.720001220703125
2025-06-16,05:40:00,46.79999923706055,46.79999923706055,46.79999923706055,46.79999923706055
2025-06-16,05:50:00,46.79999923706055,46.79999923706055,46.79999923706055,46.79999923706055
2025-06-16,06:05:00,46.68000030517578,46.68000030517578,46.68000030517578,46.68000030517578
2025-06-16,06:15:00,46.61000061035156,46.61000061035156,46.61000061035156,46.61000061035156
2025-06-16,06:20:00,46.54999923706055,46.65999984741211,46.54999923706055,46.65999984741211
2025-06-16,06:25:00,46.65999984741211,46.65999984741211,46.65999984741211,46.65999984741211
2025-06-16,06:50:00,46.61000061035156,46.61000061035156,46.61000061035156,46.61000061035156
2025-06-16,07:05:00,46.72999954223633,46.72999954223633,46.65999984741211,46.65999984741211
2025-06-16,07:10:00,46.7400016784668,46.7400016784668,46.7400016784668,46.7400016784668
2025-06-16,07:15:00,46.61000061035156,46.61000061035156,46.61000061035156,46.61000061035156
2025-06-16,07:20:00,46.720001220703125,46.720001220703125,46.720001220703125,46.720001220703125
2025-06-16,07:25:00,46.77000045776367,46.83000183105469,46.77000045776367,46.83000183105469
2025-06-16,07:30:00,46.77000045776367,46.77000045776367,46.7599983215332,46.7599983215332
2025-06-16,07:45:00,46.7599983215332,46.7599983215332,46.7599983215332,46.7599983215332
2025-06-16,08:00:00,46.7599983215332,46.88999938964844,46.7599983215332,46.88999938964844
2025-06-16,08:05:00,46.77000045776367,46.77000045776367,46.77000045776367,46.77000045776367
2025-06-16,08:15:00,46.599998474121094,46.630001068115234,46.599998474121094,46.630001068115234
2025-06-16,08:20:00,46.77000045776367,46.77000045776367,46.77000045776367,46.77000045776367
2025-06-16,08:25:00,46.77000045776367,46.77000045776367,46.77000045776367,46.77000045776367
2025-06-16,08:30:00,46.599998474121094,46.599998474121094,46.599998474121094,46.599998474121094
2025-06-16,08:35:00,46.869998931884766,46.869998931884766,46.869998931884766,46.869998931884766
2025-06-16,08:45:00,46.88999938964844,46.900001525878906,46.88999938964844,46.900001525878906
2025-06-16,08:50:00,46.880001068115234,46.880001068115234,46.880001068115234,46.880001068115234
2025-06-16,08:55:00,46.880001068115234,46.880001068115234,46.880001068115234,46.880001068115234
2025-06-16,09:00:00,46.66999816894531,46.689998626708984,46.65999984741211,46.689998626708984
2025-06-16,09:10:00,46.599998474121094,46.599998474121094,46.5099983215332,46.599998474121094
2025-06-16,09:15:00,46.599998474121094,46.70000076293945,46.5099983215332,46.70000076293945
2025-06-16,09:25:00,46.70000076293945,46.70000076293945,46.5099983215332,46.5099983215332
2025-06-16,09:30:00,46.5099983215332,46.5099983215332,46.5099983215332,46.5099983215332
2025-06-16,09:35:00,46.560001373291016,46.560001373291016,46.54999923706055,46.54999923706055
2025-06-16,09:45:00,46.66999816894531,46.66999816894531,46.54999923706055,46.54999923706055
2025-06-16,09:50:00,46.54999923706055,46.54999923706055,46.029998779296875,46.20000076293945
2025-06-16,09:55:00,46.25,46.869998931884766,46.0,46.349998474121094
2025-06-17,03:45:00,47.0,48.4900016784668,47.0,48.4900016784668
2025-06-17,03:50:00,48.4900016784668,49.79999923706055,48.4900016784668,48.93000030517578
2025-06-17,03:55:00,48.720001220703125,48.93000030517578,48.45000076293945,48.45000076293945
2025-06-17,04:00:00,48.0,48.0,47.220001220703125,47.5
2025-06-17,04:05:00,47.4900016784668,47.84000015258789,47.4900016784668,47.83000183105469
2025-06-17,04:10:00,47.79999923706055,47.79999923706055,47.02000045776367,47.02000045776367
2025-06-17,04:15:00,47.02000045776367,47.41999816894531,47.02000045776367,47.41999816894531
2025-06-17,04:20:00,47.41999816894531,47.41999816894531,47.25,47.38999938964844
2025-06-17,04:25:00,47.5,47.5,47.099998474121094,47.150001525878906
2025-06-17,04:30:00,47.310001373291016,47.310001373291016,47.310001373291016,47.310001373291016
2025-06-17,04:35:00,47.22999954223633,47.22999954223633,47.22999954223633,47.22999954223633
2025-06-17,04:40:00,47.34000015258789,47.34000015258789,47.150001525878906,47.150001525878906
2025-06-17,04:50:00,47.130001068115234,47.279998779296875,47.119998931884766,47.119998931884766
2025-06-17,05:00:00,47.119998931884766,47.119998931884766,46.849998474121094,46.88999938964844
2025-06-17,05:05:00,46.849998474121094,46.849998474121094,46.779998779296875,46.779998779296875
2025-06-17,05:10:00,46.810001373291016,46.810001373291016,46.70000076293945,46.70000076293945
2025-06-17,05:15:00,46.88999938964844,47.130001068115234,46.70000076293945,47.0099983215332
2025-06-17,05:20:00,47.0099983215332,47.0099983215332,47.0,47.0
2025-06-17,05:30:00,47.0,47.0,47.0,47.0
2025-06-17,05:35:00,46.869998931884766,46.869998931884766,46.869998931884766,46.869998931884766
2025-06-17,05:55:00,46.7400016784668,46.7400016784668,46.7400016784668,46.7400016784668
2025-06-17,06:25:00,46.900001525878906,46.900001525878906,46.75,46.75
2025-06-17,06:35:00,46.83000183105469,46.83000183105469,46.83000183105469,46.83000183105469
2025-06-17,07:20:00,46.81999969482422,46.81999969482422,46.81999969482422,46.81999969482422
2025-06-17,07:25:00,46.83000183105469,46.90999984741211,46.81999969482422,46.81999969482422
2025-06-17,07:30:00,46.81999969482422,46.81999969482422,46.81999969482422,46.81999969482422
2025-06-17,07:35:00,46.81999969482422,46.81999969482422,46.7400016784668,46.7400016784668
2025-06-17,08:05:00,46.75,46.75,46.75,46.75
2025-06-17,08:10:00,46.7400016784668,46.7400016784668,46.7400016784668,46.7400016784668
2025-06-17,08:20:00,46.84000015258789,46.84000015258789,46.84000015258789,46.84000015258789
2025-06-17,08:25:00,46.79999923706055,46.79999923706055,46.72999954223633,46.72999954223633
2025-06-17,08:40:00,46.72999954223633,46.72999954223633,46.72999954223633,46.72999954223633
2025-06-17,08:45:00,46.72999954223633,46.779998779296875,46.72999954223633,46.779998779296875
2025-06-17,08:50:00,46.75,46.7599983215332,46.709999084472656,46.7599983215332
2025-06-17,09:00:00,46.810001373291016,46.810001373291016,46.810001373291016,46.810001373291016
2025-06-17,09:05:00,46.810001373291016,46.810001373291016,46.810001373291016,46.810001373291016
2025-06-17,09:15:00,46.7599983215332,46.7599983215332,46.7599983215332,46.7599983215332
2025-06-17,09:30:00,46.810001373291016,46.810001373291016,46.75,46.75
2025-06-17,09:35:00,46.58000183105469,46.599998474121094,46.529998779296875,46.599998474121094
2025-06-17,09:40:00,46.7599983215332,46.849998474121094,46.7599983215332,46.7599983215332
2025-06-17,09:45:00,46.790000915527344,46.790000915527344,46.790000915527344,46.790000915527344
2025-06-17,09:50:00,46.81999969482422,46.81999969482422,46.540000915527344,46.75
2025-06-17,09:55:00,46.75,46.75,46.5,46.65999984741211
2025-06-18,03:45:00,46.709999084472656,46.709999084472656,46.70000076293945,46.70000076293945
2025-06-18,03:50:00,46.70000076293945,46.70000076293945,46.70000076293945,46.70000076293945
2025-06-18,03:55:00,46.70000076293945,47.400001525878906,46.58000183105469,47.400001525878906
2025-06-18,04:05:00,46.77000045776367,46.77000045776367,46.77000045776367,46.77000045776367
2025-06-18,04:10:00,46.52000045776367,46.52000045776367,46.52000045776367,46.52000045776367
2025-06-18,04:15:00,46.56999969482422,46.56999969482422,45.5,45.689998626708984
2025-06-18,04:20:00,45.689998626708984,45.689998626708984,45.56999969482422,45.56999969482422
2025-06-18,04:25:00,45.5,45.619998931884766,45.5,45.54999923706055
2025-06-18,04:30:00,45.560001373291016,45.599998474121094,45.560001373291016,45.599998474121094
2025-06-18,04:35:00,45.630001068115234,46.25,45.599998474121094,46.25
2025-06-18,04:40:00,46.099998474121094,46.20000076293945,46.099998474121094,46.20000076293945
2025-06-18,04:45:00,46.060001373291016,46.060001373291016,46.060001373291016,46.060001373291016
2025-06-18,04:55:00,46.06999969482422,46.06999969482422,46.06999969482422,46.06999969482422
2025-06-18,05:00:00,46.220001220703125,46.220001220703125,46.130001068115234,46.130001068115234
2025-06-18,05:05:00,46.18000030517578,46.220001220703125,46.040000915527344,46.040000915527344
2025-06-18,05:15:00,46.27000045776367,46.27000045776367,46.25,46.25
2025-06-18,05:20:00,46.25,46.439998626708984,46.25,46.25
2025-06-18,05:25:00,46.310001373291016,46.310001373291016,46.310001373291016,46.310001373291016
2025-06-18,05:50:00,46.25,46.25,46.25,46.25
2025-06-18,05:55:00,46.25,46.36000061035156,46.25,46.36000061035156
2025-06-18,06:00:00,46.43000030517578,46.43000030517578,46.43000030517578,46.43000030517578
2025-06-18,06:10:00,46.43000030517578,46.43000030517578,46.43000030517578,46.43000030517578
2025-06-18,06:15:00,46.439998626708984,46.439998626708984,46.439998626708984,46.439998626708984
2025-06-18,06:20:00,46.25,46.25,46.25,46.25
2025-06-18,07:05:00,46.41999816894531,46.41999816894531,46.41999816894531,46.41999816894531
2025-06-18,07:10:00,46.41999816894531,46.41999816894531,46.41999816894531,46.41999816894531
2025-06-18,07:15:00,46.54999923706055,46.54999923706055,46.41999816894531,46.41999816894531
2025-06-18,07:20:00,46.29999923706055,46.29999923706055,46.29999923706055,46.29999923706055
2025-06-18,07:45:00,46.4900016784668,46.4900016784668,46.4900016784668,46.4900016784668
2025-06-18,07:50:00,46.310001373291016,46.380001068115234,46.310001373291016,46.380001068115234
2025-06-18,08:00:00,46.5,46.5,46.5,46.5
2025-06-18,08:05:00,46.5,46.5,46.5,46.5
2025-06-18,08:20:00,46.5,46.5,46.5,46.5
2025-06-18,08:35:00,46.599998474121094,46.599998474121094,46.599998474121094,46.599998474121094
2025-06-18,08:40:00,46.59000015258789,46.59000015258789,46.5,46.5
2025-06-18,08:45:00,46.5,46.5,46.5,46.5
2025-06-18,08:50:00,46.5,46.5,46.5,46.5
2025-06-18,09:05:00,46.599998474121094,46.68000030517578,46.58000183105469,46.68000030517578
2025-06-18,09:10:00,46.68000030517578,46.68000030517578,46.5099983215332,46.5099983215332
2025-06-18,09:20:00,46.5099983215332,46.5099983215332,46.5099983215332,46.5099983215332
2025-06-18,09:30:00,46.68000030517578,46.68000030517578,46.650001525878906,46.650001525878906
2025-06-18,09:35:00,46.650001525878906,46.650001525878906,46.650001525878906,46.650001525878906
2025-06-18,09:50:00,46.58000183105469,46.58000183105469,46.58000183105469,46.58000183105469
2025-06-18,09:55:00,46.68000030517578,46.68000030517578,46.5099983215332,46.63999938964844
2025-06-19,03:45:00,47.61000061035156,47.7599983215332,47.0,47.0
2025-06-19,03:50:00,46.72999954223633,46.91999816894531,46.72999954223633,46.91999816894531
2025-06-19,03:55:00,46.959999084472656,47.7599983215332,46.470001220703125,47.7599983215332
2025-06-19,04:00:00,47.22999954223633,47.29999923706055,47.150001525878906,47.150001525878906
2025-06-19,04:05:00,46.79999923706055,46.79999923706055,46.709999084472656,46.709999084472656
2025-06-19,04:10:00,46.869998931884766,46.869998931884766,46.869998931884766,46.869998931884766
2025-06-19,04:15:00,46.709999084472656,46.709999084472656,46.709999084472656,46.709999084472656
2025-06-19,04:25:00,45.720001220703125,46.0099983215332,45.619998931884766,45.619998931884766
2025-06-19,04:30:00,45.61000061035156,45.7599983215332,45.29999923706055,45.75
2025-06-19,04:35:00,45.4900016784668,45.4900016784668,45.4900016784668,45.4900016784668
2025-06-19,04:40:00,45.33000183105469,45.68000030517578,45.33000183105469,45.68000030517578
2025-06-19,04:45:00,45.52000045776367,45.52000045776367,45.52000045776367,45.52000045776367
2025-06-19,04:50:00,45.790000915527344,45.790000915527344,45.790000915527344,45.790000915527344
2025-06-19,04:55:00,45.58000183105469,45.58000183105469,45.150001525878906,45.310001373291016
2025-06-19,05:00:00,45.5,45.68000030517578,45.5,45.68000030517578
2025-06-19,05:05:00,45.5099983215332,45.5099983215332,45.5099983215332,45.5099983215332
2025-06-19,05:10:00,45.5099983215332,45.5099983215332,45.5,45.5
2025-06-19,05:15:00,45.5,45.5,45.5,45.5
2025-06-19,05:20:00,45.7599983215332,45.7599983215332,45.7599983215332,45.7599983215332
2025-06-19,05:25:00,45.5,45.5,45.5,45.5
2025-06-19,05:30:00,45.5099983215332,45.5099983215332,45.5099983215332,45.5099983215332
2025-06-19,05:50:00,45.5099983215332,45.5099983215332,45.5099983215332,45.5099983215332
2025-06-19,06:25:00,45.720001220703125,45.720001220703125,45.5099983215332,45.5099983215332
2025-06-19,06:40:00,45.689998626708984,45.689998626708984,45.689998626708984,45.689998626708984
2025-06-19,07:05:00,45.58000183105469,45.68000030517578,45.5099983215332,45.65999984741211
2025-06-19,07:15:00,45.689998626708984,45.689998626708984,45.689998626708984,45.689998626708984
2025-06-19,07:25:00,45.5099983215332,45.5099983215332,45.5,45.5
2025-06-19,07:35:00,45.599998474121094,45.599998474121094,45.599998474121094,45.599998474121094
2025-06-19,07:45:00,45.5099983215332,45.5099983215332,45.5,45.5
2025-06-19,07:50:00,45.5,45.5,45.5,45.5
2025-06-19,07:55:00,45.5,45.5,45.5,45.5
2025-06-19,08:00:00,45.36000061035156,45.36000061035156,45.36000061035156,45.36000061035156
2025-06-19,08:10:00,45.36000061035156,45.36000061035156,45.36000061035156,45.36000061035156
2025-06-19,08:15:00,45.25,45.25,44.65999984741211,44.65999984741211
2025-06-19,08:20:00,44.68000030517578,44.88999938964844,44.68000030517578,44.88999938964844
2025-06-19,08:25:00,44.86000061035156,44.88999938964844,44.650001525878906,44.849998474121094
2025-06-19,08:30:00,44.70000076293945,44.70000076293945,44.70000076293945,44.70000076293945
2025-06-19,08:35:00,44.650001525878906,44.650001525878906,44.650001525878906,44.650001525878906
2025-06-19,08:40:00,45.0,45.0,45.0,45.0
2025-06-19,08:50:00,44.65999984741211,44.65999984741211,44.65999984741211,44.65999984741211
2025-06-19,08:55:00,44.880001068115234,44.880001068115234,44.880001068115234,44.880001068115234
2025-06-19,09:00:00,44.880001068115234,44.880001068115234,44.880001068115234,44.880001068115234
2025-06-19,09:10:00,44.97999954223633,45.25,44.97999954223633,45.25
2025-06-19,09:15:00,45.400001525878906,45.400001525878906,45.400001525878906,45.400001525878906
2025-06-19,09:30:00,45.400001525878906,45.400001525878906,44.79999923706055,44.79999923706055
2025-06-19,09:40:00,44.79999923706055,44.79999923706055,44.79999923706055,44.79999923706055
2025-06-19,09:45:00,44.83000183105469,45.0,44.70000076293945,45.0
2025-06-19,09:55:00,45.0,45.439998626708984,44.97999954223633,44.97999954223633
2025-06-20,03:45:00,45.970001220703125,48.599998474121094,45.970001220703125,48.0
2025-06-20,03:50:00,47.13999938964844,47.13999938964844,46.400001525878906,46.5
2025-06-20,03:55:00,46.529998779296875,46.81999969482422,46.52000045776367,46.779998779296875
2025-06-20,04:00:00,46.630001068115234,46.630001068115234,46.38999938964844,46.38999938964844
2025-06-20,04:05:00,46.130001068115234,46.25,46.0099983215332,46.25
2025-06-20,04:15:00,46.0,46.0,45.86000061035156,45.86000061035156
2025-06-20,04:20:00,45.75,45.75,45.4900016784668,45.4900016784668
2025-06-20,04:25:00,45.540000915527344,45.81999969482422,45.5,45.54999923706055
2025-06-20,04:30:00,45.529998779296875,45.709999084472656,45.529998779296875,45.709999084472656
2025-06-20,04:35:00,45.81999969482422,45.81999969482422,45.790000915527344,45.790000915527344
2025-06-20,04:40:00,45.81999969482422,45.81999969482422,45.81999969482422,45.81999969482422
2025-06-20,04:45:00,45.790000915527344,45.790000915527344,45.790000915527344,45.790000915527344
2025-06-20,04:50:00,45.790000915527344,45.790000915527344,45.790000915527344,45.790000915527344
2025-06-20,04:55:00,45.7400016784668,45.81999969482422,45.70000076293945,45.81999969482422
2025-06-20,05:00:00,45.880001068115234,45.88999938964844,45.84000015258789,45.84000015258789
2025-06-20,05:10:00,45.84000015258789,45.84000015258789,45.84000015258789,45.84000015258789
2025-06-20,05:15:00,45.79999923706055,45.79999923706055,45.79999923706055,45.79999923706055
2025-06-20,05:20:00,45.84000015258789,45.84000015258789,45.84000015258789,45.84000015258789
2025-06-20,05:25:00,45.709999084472656,45.709999084472656,45.709999084472656,45.709999084472656
2025-06-20,05:30:00,45.709999084472656,45.709999084472656,45.70000076293945,45.70000076293945
2025-06-20,05:35:00,45.75,45.75,45.75,45.75
2025-06-20,05:45:00,45.790000915527344,45.790000915527344,45.709999084472656,45.709999084472656
2025-06-20,05:50:00,45.720001220703125,45.720001220703125,45.720001220703125,45.720001220703125
2025-06-20,06:00:00,45.70000076293945,45.70000076293945,45.5,45.5
2025-06-20,06:05:00,45.52000045776367,45.779998779296875,45.52000045776367,45.59000015258789
2025-06-20,06:10:00,45.59000015258789,45.59000015258789,45.59000015258789,45.59000015258789
2025-06-20,06:15:00,45.58000183105469,45.58000183105469,45.58000183105469,45.58000183105469
2025-06-20,06:20:00,45.59000015258789,45.70000076293945,45.59000015258789,45.70000076293945
2025-06-20,06:45:00,45.709999084472656,45.709999084472656,45.59000015258789,45.59000015258789
2025-06-20,06:50:00,45.58000183105469,45.58000183105469,45.58000183105469,45.58000183105469
2025-06-20,07:00:00,45.5099983215332,45.5099983215332,45.5099983215332,45.5099983215332
2025-06-20,07:30:00,45.7599983215332,45.7599983215332,45.7599983215332,45.7599983215332
2025-06-20,07:35:00,45.70000076293945,45.70000076293945,45.70000076293945,45.70000076293945
2025-06-20,07:45:00,45.790000915527344,45.790000915527344,45.790000915527344,45.790000915527344
2025-06-20,08:00:00,45.650001525878906,45.650001525878906,45.650001525878906,45.650001525878906
2025-06-20,08:05:00,45.83000183105469,45.83000183105469,45.83000183105469,45.83000183105469
2025-06-20,08:10:00,45.810001373291016,45.810001373291016,45.810001373291016,45.810001373291016
2025-06-20,08:20:00,45.68000030517578,45.68000030517578,45.68000030517578,45.68000030517578
2025-06-20,08:35:00,45.77000045776367,45.77000045776367,45.77000045776367,45.77000045776367
2025-06-20,08:55:00,45.7400016784668,45.7400016784668,45.650001525878906,45.650001525878906
2025-06-20,09:00:00,45.75,45.75,45.650001525878906,45.650001525878906
2025-06-20,09:10:00,45.7400016784668,45.7400016784668,45.7400016784668,45.7400016784668
2025-06-20,09:15:00,45.66999816894531,45.66999816894531,45.66999816894531,45.66999816894531
2025-06-20,09:20:00,45.7400016784668,45.7400016784668,45.7400016784668,45.7400016784668
2025-06-20,09:30:00,45.75,45.75,45.75,45.75
2025-06-20,09:40:00,45.75,45.75,45.75,45.75
2025-06-20,09:45:00,45.720001220703125,45.7400016784668,45.04999923706055,45.04999923706055
2025-06-20,09:50:00,45.439998626708984,45.439998626708984,44.779998779296875,44.779998779296875
2025-06-20,09:55:00,45.0,45.88999938964844,44.65999984741211,45.36000061035156
2025-06-23,03:45:00,44.20000076293945,45.04999923706055,43.97999954223633,45.04999923706055
2025-06-23,03:50:00,44.45000076293945,44.54999923706055,42.9900016784668,44.54999923706055
2025-06-23,03:55:00,44.540000915527344,44.540000915527344,43.209999084472656,44.099998474121094
2025-06-23,04:00:00,44.06999969482422,44.06999969482422,43.72999954223633,43.849998474121094
2025-06-23,04:05:00,43.9900016784668,44.040000915527344,43.79999923706055,43.79999923706055
2025-06-23,04:10:00,43.779998779296875,43.779998779296875,43.560001373291016,43.630001068115234
2025-06-23,04:15:00,43.630001068115234,43.630001068115234,43.58000183105469,43.58000183105469
2025-06-23,04:20:00,43.630001068115234,43.630001068115234,43.630001068115234,43.630001068115234
2025-06-23,04:25:00,43.630001068115234,43.630001068115234,43.630001068115234,43.630001068115234
2025-06-23,04:30:00,43.630001068115234,43.630001068115234,43.61000061035156,43.61000061035156
2025-06-23,04:35:00,43.5,43.5,43.5,43.5
2025-06-23,04:45:00,43.630001068115234,43.630001068115234,43.599998474121094,43.599998474121094
2025-06-23,04:50:00,43.58000183105469,43.59000015258789,43.5099983215332,43.59000015258789
2025-06-23,04:55:00,43.540000915527344,43.58000183105469,43.540000915527344,43.58000183105469
2025-06-23,05:00:00,43.599998474121094,43.599998474121094,43.599998474121094,43.599998474121094
2025-06-23,05:10:00,43.52000045776367,43.58000183105469,43.52000045776367,43.52000045776367
2025-06-23,05:20:00,43.5,43.5,43.5,43.5
2025-06-23,05:25:00,43.5,43.529998779296875,43.5,43.529998779296875
2025-06-23,05:35:00,43.540000915527344,43.56999969482422,43.5,43.56999969482422
2025-06-23,05:40:00,43.56999969482422,43.619998931884766,43.56999969482422,43.619998931884766
2025-06-23,05:45:00,43.619998931884766,43.72999954223633,43.619998931884766,43.72999954223633
2025-06-23,05:50:00,43.720001220703125,43.720001220703125,43.720001220703125,43.720001220703125
2025-06-23,06:00:00,43.619998931884766,43.619998931884766,43.619998931884766,43.619998931884766
2025-06-23,06:10:00,43.75,44.040000915527344,43.75,44.0
2025-06-23,06:20:00,43.810001373291016,44.0,43.810001373291016,43.970001220703125
2025-06-23,06:25:00,44.029998779296875,44.029998779296875,43.83000183105469,43.83000183105469
2025-06-23,06:40:00,44.0,44.0099983215332,44.0,44.0099983215332
2025-06-23,06:45:00,44.0099983215332,44.040000915527344,44.0,44.040000915527344
2025-06-23,06:50:00,44.0,44.0,44.0,44.0
2025-06-23,06:55:00,44.0,44.2599983215332,43.9900016784668,44.2599983215332
2025-06-23,07:05:00,44.22999954223633,44.22999954223633,44.22999954223633,44.22999954223633
2025-06-23,07:20:00,44.0,44.0,43.869998931884766,44.0
2025-06-23,07:30:00,44.0,44.0,44.0,44.0
2025-06-23,07:40:00,43.970001220703125,44.22999954223633,43.970001220703125,44.22999954223633
2025-06-23,07:50:00,44.2599983215332,44.2599983215332,44.2599983215332,44.2599983215332
2025-06-23,07:55:00,44.41999816894531,44.619998931884766,44.41999816894531,44.56999969482422
2025-06-23,08:00:00,44.5,44.5,44.5,44.5
2025-06-23,08:10:00,44.5099983215332,44.5099983215332,44.5099983215332,44.5099983215332
2025-06-23,08:15:00,44.5099983215332,44.5099983215332,44.5099983215332,44.5099983215332
2025-06-23,08:35:00,44.45000076293945,44.45000076293945,44.349998474121094,44.45000076293945
2025-06-23,08:40:00,44.45000076293945,44.45000076293945,44.45000076293945,44.45000076293945
2025-06-23,08:45:00,44.45000076293945,44.45000076293945,44.45000076293945,44.45000076293945
2025-06-23,08:55:00,44.41999816894531,44.41999816894531,44.41999816894531,44.41999816894531
2025-06-23,09:05:00,44.400001525878906,44.400001525878906,44.349998474121094,44.349998474121094
2025-06-23,09:10:00,44.36000061035156,44.36000061035156,44.36000061035156,44.36000061035156
2025-06-23,09:20:00,44.310001373291016,44.310001373291016,44.310001373291016,44.310001373291016
2025-06-23,09:30:00,44.0,44.2599983215332,44.0,44.09000015258789
2025-06-23,09:35:00,44.04999923706055,44.119998931884766,44.04999923706055,44.119998931884766
2025-06-23,09:40:00,44.119998931884766,44.119998931884766,43.95000076293945,43.95000076293945
2025-06-23,09:45:00,44.0,44.0,43.9900016784668,43.9900016784668
2025-06-23,09:50:00,43.709999084472656,43.709999084472656,43.63999938964844,43.63999938964844
2025-06-23,09:55:00,43.630001068115234,44.0,43.58000183105469,43.970001220703125
2025-06-24,03:45:00,47.0,47.0,45.349998474121094,45.349998474121094
2025-06-24,03:50:00,45.38999938964844,45.38999938964844,45.13999938964844,45.15999984741211
2025-06-24,03:55:00,44.709999084472656,45.04999923706055,44.709999084472656,45.0
2025-06-24,04:00:00,45.0,45.0,45.0,45.0
2025-06-24,04:05:00,45.0,45.0,45.0,45.0
2025-06-24,04:10:00,45.0,45.0,45.0,45.0
2025-06-24,04:15:00,44.900001525878906,45.0,44.900001525878906,45.0
2025-06-24,04:25:00,44.9900016784668,44.9900016784668,44.849998474121094,44.9900016784668
2025-06-24,04:30:00,44.9900016784668,44.9900016784668,44.9900016784668,44.9900016784668
2025-06-24,04:35:00,44.810001373291016,45.33000183105469,44.810001373291016,45.33000183105469
2025-06-24,04:40:00,45.220001220703125,45.220001220703125,45.220001220703125,45.220001220703125
2025-06-24,04:45:00,45.33000183105469,45.33000183105469,45.209999084472656,45.209999084472656
2025-06-24,04:50:00,45.220001220703125,45.220001220703125,45.220001220703125,45.220001220703125
2025-06-24,04:55:00,45.33000183105469,45.33000183105469,45.33000183105469,45.33000183105469
2025-06-24,05:00:00,45.290000915527344,45.290000915527344,45.290000915527344,45.290000915527344
2025-06-24,05:20:00,45.099998474121094,45.099998474121094,45.099998474121094,45.099998474121094
2025-06-24,05:25:00,45.099998474121094,45.189998626708984,45.099998474121094,45.189998626708984
2025-06-24,05:30:00,45.189998626708984,45.20000076293945,45.189998626708984,45.20000076293945
2025-06-24,05:50:00,45.11000061035156,45.11000061035156,45.11000061035156,45.11000061035156
2025-06-24,05:55:00,45.099998474121094,45.099998474121094,45.099998474121094,45.099998474121094
2025-06-24,06:00:00,45.11000061035156,45.11000061035156,45.11000061035156,45.11000061035156
2025-06-24,06:15:00,45.11000061035156,45.11000061035156,45.11000061035156,45.11000061035156
2025-06-24,06:20:00,45.08000183105469,45.08000183105469,45.08000183105469,45.08000183105469
2025-06-24,06:40:00,45.0,45.0,45.0,45.0
2025-06-24,06:45:00,44.9900016784668,44.9900016784668,44.9900016784668,44.9900016784668
2025-06-24,06:55:00,44.9900016784668,44.9900016784668,44.9900016784668,44.9900016784668
2025-06-24,07:25:00,45.150001525878906,45.150001525878906,45.150001525878906,45.150001525878906
2025-06-24,07:30:00,45.25,45.25,45.25,45.25
2025-06-24,07:55:00,45.029998779296875,45.029998779296875,45.0,45.0
2025-06-24,08:00:00,45.0,45.0,44.9900016784668,44.9900016784668
2025-06-24,08:05:00,44.9900016784668,44.9900016784668,44.970001220703125,44.9900016784668
2025-06-24,08:20:00,44.97999954223633,44.97999954223633,44.880001068115234,44.880001068115234
2025-06-24,08:25:00,44.95000076293945,44.95000076293945,44.95000076293945,44.95000076293945
2025-06-24,08:35:00,44.84000015258789,44.84000015258789,44.720001220703125,44.720001220703125
2025-06-24,08:45:00,44.88999938964844,44.88999938964844,44.720001220703125,44.720001220703125
2025-06-24,08:50:00,44.81999969482422,44.81999969482422,44.81999969482422,44.81999969482422
2025-06-24,09:05:00,44.77000045776367,44.77000045776367,44.77000045776367,44.77000045776367
2025-06-24,09:15:00,44.84000015258789,44.84000015258789,44.84000015258789,44.84000015258789
2025-06-24,09:20:00,44.84000015258789,44.84000015258789,44.84000015258789,44.84000015258789
2025-06-24,09:25:00,44.79999923706055,44.79999923706055,44.79999923706055,44.79999923706055
2025-06-24,09:30:00,44.0,44.33000183105469,44.0,44.33000183105469
2025-06-24,09:35:00,44.33000183105469,44.33000183105469,44.25,44.25
2025-06-24,09:40:00,44.25,44.25,44.25,44.25
2025-06-24,09:45:00,44.31999969482422,44.31999969482422,44.2599983215332,44.27000045776367
2025-06-24,09:50:00,44.27000045776367,44.27000045776367,44.27000045776367,44.27000045776367
2025-06-24,09:55:00,44.31999969482422,44.31999969482422,44.0099983215332,44.310001373291016
2025-06-25,03:45:00,46.939998626708984,46.939998626708984,46.869998931884766,46.869998931884766
2025-06-25,03:50:00,44.77000045776367,45.29999923706055,44.77000045776367,45.29999923706055
2025-06-25,04:00:00,45.290000915527344,45.349998474121094,45.290000915527344,45.29999923706055
2025-06-25,04:05:00,45.349998474121094,45.5099983215332,45.349998474121094,45.5099983215332
2025-06-25,04:15:00,45.56999969482422,45.59000015258789,45.400001525878906,45.400001525878906
2025-06-25,04:20:00,45.45000076293945,45.45000076293945,45.060001373291016,45.439998626708984
2025-06-25,04:25:00,45.220001220703125,45.220001220703125,45.220001220703125,45.220001220703125
2025-06-25,04:30:00,45.209999084472656,45.209999084472656,44.779998779296875,44.779998779296875
2025-06-25,04:35:00,45.119998931884766,45.119998931884766,44.77000045776367,44.77000045776367
2025-06-25,04:40:00,44.880001068115234,44.880001068115234,44.880001068115234,44.880001068115234
2025-06-25,04:45:00,45.09000015258789,45.20000076293945,45.09000015258789,45.20000076293945
2025-06-25,04:50:00,45.20000076293945,45.20000076293945,45.20000076293945,45.20000076293945
2025-06-25,05:15:00,45.040000915527344,45.040000915527344,44.869998931884766,44.869998931884766
2025-06-25,05:35:00,44.970001220703125,44.970001220703125,44.970001220703125,44.970001220703125
2025-06-25,05:40:00,44.939998626708984,45.0,44.939998626708984,45.0
2025-06-25,05:50:00,45.029998779296875,45.029998779296875,44.810001373291016,44.810001373291016
2025-06-25,05:55:00,44.9900016784668,44.9900016784668,44.95000076293945,44.95000076293945
2025-06-25,06:15:00,45.02000045776367,45.13999938964844,45.02000045776367,45.13999938964844
2025-06-25,06:20:00,45.20000076293945,45.20000076293945,45.20000076293945,45.20000076293945
2025-06-25,06:25:00,45.08000183105469,45.08000183105469,45.08000183105469,45.08000183105469
2025-06-25,06:35:00,45.08000183105469,45.08000183105469,45.08000183105469,45.08000183105469
2025-06-25,06:40:00,45.08000183105469,45.08000183105469,45.02000045776367,45.02000045776367
2025-06-25,06:50:00,45.0099983215332,45.0099983215332,45.0099983215332,45.0099983215332
2025-06-25,06:55:00,44.939998626708984,44.939998626708984,44.939998626708984,44.939998626708984
2025-06-25,07:00:00,44.939998626708984,44.939998626708984,44.939998626708984,44.939998626708984
2025-06-25,07:05:00,44.939998626708984,44.939998626708984,44.939998626708984,44.939998626708984
2025-06-25,07:20:00,44.939998626708984,44.939998626708984,44.939998626708984,44.939998626708984
2025-06-25,07:45:00,44.83000183105469,44.83000183105469,44.83000183105469,44.83000183105469
2025-06-25,07:50:00,44.900001525878906,44.900001525878906,44.83000183105469,44.83000183105469
2025-06-25,07:55:00,44.900001525878906,44.900001525878906,44.900001525878906,44.900001525878906
2025-06-25,08:05:00,44.939998626708984,45.02000045776367,44.939998626708984,45.02000045776367
2025-06-25,08:10:00,45.099998474121094,45.099998474121094,45.099998474121094,45.099998474121094
2025-06-25,08:20:00,45.0,45.0,45.0,45.0
2025-06-25,08:25:00,44.83000183105469,44.83000183105469,44.83000183105469,44.83000183105469
2025-06-25,08:35:00,45.0,45.0,44.83000183105469,44.83000183105469
2025-06-25,08:40:00,44.83000183105469,44.83000183105469,44.83000183105469,44.83000183105469
2025-06-25,08:50:00,44.790000915527344,44.790000915527344,44.790000915527344,44.790000915527344
2025-06-25,08:55:00,44.779998779296875,44.779998779296875,44.779998779296875,44.779998779296875
2025-06-25,09:00:00,44.79999923706055,44.79999923706055,44.79999923706055,44.79999923706055
2025-06-25,09:10:00,44.5099983215332,44.61000061035156,44.5099983215332,44.52000045776367
2025-06-25,09:15:00,44.54999923706055,44.54999923706055,44.529998779296875,44.540000915527344
2025-06-25,09:20:00,44.54999923706055,44.54999923706055,44.54999923706055,44.54999923706055
2025-06-25,09:25:00,44.54999923706055,44.54999923706055,44.54999923706055,44.54999923706055
2025-06-25,09:30:00,44.560001373291016,44.560001373291016,44.560001373291016,44.560001373291016
2025-06-25,09:35:00,44.689998626708984,44.70000076293945,44.689998626708984,44.70000076293945
2025-06-25,09:45:00,44.58000183105469,44.70000076293945,44.56999969482422,44.70000076293945
2025-06-25,09:50:00,44.70000076293945,44.70000076293945,44.5099983215332,44.70000076293945
2025-06-25,09:55:00,44.75,44.790000915527344,44.65999984741211,44.65999984741211
2025-06-26,03:45:00,44.650001525878906,45.20000076293945,44.650001525878906,45.20000076293945
2025-06-26,03:55:00,44.7400016784668,44.7400016784668,44.66999816894531,44.66999816894531
2025-06-26,04:00:00,44.650001525878906,44.650001525878906,44.40999984741211,44.56999969482422
2025-06-26,04:05:00,44.81999969482422,44.84000015258789,44.72999954223633,44.810001373291016
2025-06-26,04:10:00,44.75,44.75,44.75,44.75
2025-06-26,04:15:00,44.7599983215332,44.7599983215332,44.7599983215332,44.7599983215332
2025-06-26,04:20:00,44.56999969482422,44.56999969482422,44.56999969482422,44.56999969482422
2025-06-26,04:30:00,44.56999969482422,44.56999969482422,44.2599983215332,44.2599983215332
2025-06-26,04:40:00,44.45000076293945,44.45000076293945,44.45000076293945,44.45000076293945
2025-06-26,05:00:00,44.58000183105469,44.58000183105469,44.58000183105469,44.58000183105469
2025-06-26,05:35:00,44.16999816894531,44.16999816894531,44.0099983215332,44.0099983215332
2025-06-26,05:55:00,44.27000045776367,44.27000045776367,44.27000045776367,44.27000045776367
2025-06-26,06:00:00,44.27000045776367,44.27000045776367,44.27000045776367,44.27000045776367
2025-06-26,06:10:00,45.88999938964844,45.88999938964844,45.36000061035156,45.36000061035156
2025-06-26,06:15:00,46.400001525878906,46.400001525878906,46.400001525878906,46.400001525878906
2025-06-26,06:20:00,46.11000061035156,46.11000061035156,46.11000061035156,46.11000061035156
2025-06-26,06:25:00,46.029998779296875,46.029998779296875,46.029998779296875,46.029998779296875
2025-06-26,06:30:00,45.5099983215332,45.7400016784668,45.5099983215332,45.7400016784668
2025-06-26,06:40:00,45.95000076293945,45.95000076293945,45.95000076293945,45.95000076293945
2025-06-26,06:45:00,45.61000061035156,45.61000061035156,45.33000183105469,45.380001068115234
2025-06-26,06:50:00,45.560001373291016,45.560001373291016,45.560001373291016,45.560001373291016
2025-06-26,07:10:00,45.38999938964844,45.779998779296875,45.31999969482422,45.779998779296875
2025-06-26,07:15:00,45.5099983215332,45.5099983215332,45.310001373291016,45.310001373291016
2025-06-26,07:25:00,45.439998626708984,45.439998626708984,45.439998626708984,45.439998626708984
2025-06-26,07:30:00,45.349998474121094,45.349998474121094,45.349998474121094,45.349998474121094
2025-06-26,07:35:00,45.720001220703125,45.720001220703125,45.41999816894531,45.41999816894531
2025-06-26,07:40:00,45.310001373291016,45.310001373291016,45.310001373291016,45.310001373291016
2025-06-26,07:55:00,45.369998931884766,45.369998931884766,45.209999084472656,45.209999084472656
2025-06-26,08:00:00,45.38999938964844,45.38999938964844,45.38999938964844,45.38999938964844
2025-06-26,08:05:00,45.33000183105469,45.540000915527344,45.31999969482422,45.540000915527344
2025-06-26,08:10:00,45.40999984741211,45.40999984741211,45.40999984741211,45.40999984741211
2025-06-26,08:35:00,45.29999923706055,45.29999923706055,45.29999923706055,45.29999923706055
2025-06-26,08:40:00,45.369998931884766,45.38999938964844,45.369998931884766,45.38999938964844
2025-06-26,09:05:00,45.380001068115234,45.380001068115234,45.380001068115234,45.380001068115234
2025-06-26,09:10:00,45.060001373291016,45.060001373291016,44.810001373291016,44.810001373291016
2025-06-26,09:15:00,44.869998931884766,44.869998931884766,44.869998931884766,44.869998931884766
2025-06-26,09:20:00,44.86000061035156,44.900001525878906,44.86000061035156,44.900001525878906
2025-06-26,09:25:00,44.81999969482422,45.2400016784668,44.81999969482422,45.2400016784668
2025-06-26,09:30:00,44.7599983215332,44.7599983215332,44.7599983215332,44.7599983215332
2025-06-26,09:35:00,44.97999954223633,44.97999954223633,44.68000030517578,44.68000030517578
2025-06-26,09:40:00,44.97999954223633,44.97999954223633,44.97999954223633,44.97999954223633
2025-06-26,09:50:00,45.04999923706055,45.04999923706055,45.04999923706055,45.04999923706055
2025-06-26,09:55:00,45.25,45.25,44.599998474121094,44.939998626708984
2025-06-27,03:45:00,44.959999084472656,45.720001220703125,44.959999084472656,45.400001525878906
2025-06-27,03:50:00,45.72999954223633,46.029998779296875,45.72999954223633,46.0099983215332
2025-06-27,03:55:00,45.91999816894531,45.91999816894531,45.470001220703125,45.470001220703125
2025-06-27,04:05:00,45.08000183105469,45.08000183105469,45.08000183105469,45.08000183105469
2025-06-27,04:10:00,45.119998931884766,45.119998931884766,45.119998931884766,45.119998931884766
2025-06-27,04:15:00,45.119998931884766,45.119998931884766,45.119998931884766,45.119998931884766
2025-06-27,04:30:00,45.0,45.0,44.86000061035156,44.86000061035156
2025-06-27,04:35:00,45.130001068115234,45.20000076293945,45.130001068115234,45.189998626708984
2025-06-27,04:40:00,44.79999923706055,44.79999923706055,44.79999923706055,44.79999923706055
2025-06-27,04:45:00,44.79999923706055,44.79999923706055,44.79999923706055,44.79999923706055
2025-06-27,04:50:00,45.189998626708984,45.189998626708984,45.0,45.0
2025-06-27,04:55:00,45.11000061035156,45.11000061035156,45.11000061035156,45.11000061035156
2025-06-27,05:00:00,45.33000183105469,45.33000183105469,45.33000183105469,45.33000183105469
2025-06-27,05:05:00,45.150001525878906,45.15999984741211,45.150001525878906,45.15999984741211
2025-06-27,05:10:00,45.33000183105469,45.33000183105469,45.33000183105469,45.33000183105469
2025-06-27,05:20:00,45.220001220703125,45.220001220703125,45.220001220703125,45.220001220703125
2025-06-27,05:35:00,45.20000076293945,45.20000076293945,45.20000076293945,45.20000076293945
2025-06-27,05:45:00,45.2400016784668,45.2400016784668,45.2400016784668,45.2400016784668
2025-06-27,05:50:00,45.25,45.25,45.25,45.25
2025-06-27,06:00:00,45.209999084472656,45.220001220703125,45.209999084472656,45.220001220703125
2025-06-27,06:05:00,45.25,45.25,45.25,45.25
2025-06-27,06:10:00,45.25,45.25,45.209999084472656,45.25
2025-06-27,06:15:00,45.29999923706055,45.29999923706055,45.29999923706055,45.29999923706055
2025-06-27,06:20:00,45.29999923706055,45.29999923706055,45.2599983215332,45.2599983215332
2025-06-27,06:30:00,45.29999923706055,45.5,45.29999923706055,45.5
2025-06-27,06:35:00,45.5,45.5,45.5,45.5
2025-06-27,06:40:00,45.5,45.5,45.4900016784668,45.5
2025-06-27,06:45:00,45.5,45.54999923706055,45.43000030517578,45.54999923706055
2025-06-27,06:50:00,45.5,45.5,45.5,45.5
2025-06-27,06:55:00,45.54999923706055,45.54999923706055,45.54999923706055,45.54999923706055
2025-06-27,07:10:00,45.5,45.5,45.5,45.5
2025-06-27,07:40:00,45.22999954223633,45.22999954223633,45.22999954223633,45.22999954223633
2025-06-27,07:45:00,45.0099983215332,45.0099983215332,44.97999954223633,44.97999954223633
2025-06-27,07:50:00,44.900001525878906,44.900001525878906,44.900001525878906,44.900001525878906
2025-06-27,07:55:00,44.900001525878906,44.90999984741211,44.900001525878906,44.90999984741211
2025-06-27,08:15:00,44.900001525878906,44.900001525878906,44.599998474121094,44.65999984741211
2025-06-27,08:25:00,44.689998626708984,44.689998626708984,44.689998626708984,44.689998626708984
2025-06-27,08:30:00,44.72999954223633,44.72999954223633,44.72999954223633,44.72999954223633
2025-06-27,08:40:00,45.130001068115234,45.25,45.130001068115234,45.25
2025-06-27,08:45:00,45.119998931884766,45.119998931884766,45.119998931884766,45.119998931884766
2025-06-27,09:10:00,45.22999954223633,45.22999954223633,45.22999954223633,45.22999954223633
2025-06-27,09:25:00,45.2400016784668,45.2400016784668,45.2400016784668,45.2400016784668
2025-06-27,09:30:00,45.349998474121094,45.349998474121094,45.119998931884766,45.119998931884766
2025-06-27,09:35:00,44.970001220703125,44.970001220703125,44.720001220703125,44.72999954223633
2025-06-27,09:40:00,44.7599983215332,44.77000045776367,44.7599983215332,44.77000045776367
2025-06-27,09:50:00,45.13999938964844,45.13999938964844,44.810001373291016,44.83000183105469
2025-06-27,09:55:00,44.779998779296875,45.7400016784668,44.779998779296875,45.20000076293945
2025-06-30,03:45:00,46.20000076293945,46.20000076293945,45.61000061035156,45.7400016784668
2025-06-30,03:50:00,45.75,45.75,45.36000061035156,45.459999084472656
2025-06-30,03:55:00,44.900001525878906,45.459999084472656,44.900001525878906,45.16999816894531
2025-06-30,04:00:00,45.16999816894531,45.2599983215332,45.16999816894531,45.2599983215332
2025-06-30,04:05:00,45.060001373291016,45.060001373291016,44.97999954223633,45.029998779296875
2025-06-30,04:10:00,44.54999923706055,45.060001373291016,44.529998779296875,45.0
2025-06-30,04:15:00,45.040000915527344,45.22999954223633,45.0,45.04999923706055
2025-06-30,04:25:00,45.040000915527344,45.040000915527344,45.040000915527344,45.040000915527344
2025-06-30,04:30:00,45.04999923706055,45.060001373291016,45.04999923706055,45.060001373291016
2025-06-30,04:40:00,45.0,45.04999923706055,45.0,45.0
2025-06-30,04:50:00,45.0,45.0,45.0,45.0
2025-06-30,05:00:00,45.0099983215332,45.0099983215332,45.0099983215332,45.0099983215332
2025-06-30,05:10:00,45.02000045776367,45.02000045776367,45.02000045776367,45.02000045776367
2025-06-30,05:20:00,45.060001373291016,45.060001373291016,45.060001373291016,45.060001373291016
2025-06-30,05:25:00,45.20000076293945,45.20000076293945,45.20000076293945,45.20000076293945
2025-06-30,05:30:00,45.130001068115234,45.130001068115234,45.060001373291016,45.060001373291016
2025-06-30,05:35:00,45.060001373291016,45.060001373291016,45.0,45.0
2025-06-30,05:45:00,45.18000030517578,45.58000183105469,45.0,45.38999938964844
2025-06-30,05:50:00,45.52000045776367,45.52000045776367,45.52000045776367,45.52000045776367
2025-06-30,05:55:00,45.2599983215332,45.2599983215332,45.2599983215332,45.2599983215332
2025-06-30,06:00:00,45.439998626708984,45.439998626708984,45.439998626708984,45.439998626708984
2025-06-30,06:10:00,45.439998626708984,45.439998626708984,45.439998626708984,45.439998626708984
2025-06-30,06:20:00,45.15999984741211,45.15999984741211,45.15999984741211,45.15999984741211
2025-06-30,06:25:00,45.11000061035156,45.11000061035156,45.11000061035156,45.11000061035156
2025-06-30,06:30:00,45.439998626708984,45.439998626708984,45.439998626708984,45.439998626708984
2025-06-30,06:40:00,45.29999923706055,45.29999923706055,45.099998474121094,45.18000030517578
2025-06-30,06:45:00,45.38999938964844,45.38999938964844,45.02000045776367,45.02000045776367
2025-06-30,07:20:00,45.02000045776367,45.02000045776367,45.02000045776367,45.02000045776367
2025-06-30,07:25:00,45.0,45.0,45.0,45.0
2025-06-30,07:45:00,45.040000915527344,45.040000915527344,45.040000915527344,45.040000915527344
2025-06-30,07:50:00,45.029998779296875,45.029998779296875,45.029998779296875,45.029998779296875
2025-06-30,07:55:00,45.029998779296875,45.04999923706055,45.029998779296875,45.04999923706055
2025-06-30,08:00:00,45.04999923706055,45.04999923706055,45.040000915527344,45.040000915527344
2025-06-30,08:05:00,45.040000915527344,45.04999923706055,45.040000915527344,45.04999923706055
2025-06-30,08:20:00,45.02000045776367,45.02000045776367,45.0,45.0
2025-06-30,08:25:00,45.0,45.04999923706055,45.0,45.04999923706055
2025-06-30,08:35:00,45.09000015258789,45.09000015258789,45.09000015258789,45.09000015258789
2025-06-30,08:50:00,45.099998474121094,45.18000030517578,45.099998474121094,45.18000030517578
2025-06-30,09:05:00,45.29999923706055,45.29999923706055,45.29999923706055,45.29999923706055
2025-06-30,09:10:00,45.310001373291016,45.31999969482422,45.310001373291016,45.31999969482422
2025-06-30,09:15:00,45.310001373291016,45.310001373291016,45.29999923706055,45.29999923706055
2025-06-30,09:25:00,45.290000915527344,45.290000915527344,45.290000915527344,45.290000915527344
2025-06-30,09:30:00,45.279998779296875,45.279998779296875,45.279998779296875,45.279998779296875
2025-06-30,09:35:00,45.29999923706055,45.540000915527344,45.279998779296875,45.279998779296875
2025-06-30,09:45:00,45.290000915527344,45.540000915527344,45.290000915527344,45.540000915527344
2025-06-30,09:50:00,45.540000915527344,45.540000915527344,45.540000915527344,45.540000915527344
2025-06-30,09:55:00,45.540000915527344,45.540000915527344,45.279998779296875,45.47999954223633
2025-07-01,03:45:00,45.47999954223633,45.47999954223633,45.47999954223633,45.47999954223633
2025-07-01,03:55:00,45.47999954223633,45.47999954223633,45.47999954223633,45.47999954223633
2025-07-01,04:00:00,44.93000030517578,44.93000030517578,44.65999984741211,44.65999984741211
2025-07-01,04:05:00,45.0,45.38999938964844,44.97999954223633,45.38999938964844
2025-07-01,04:15:00,45.220001220703125,45.220001220703125,44.97999954223633,44.97999954223633
2025-07-01,04:20:00,45.189998626708984,45.189998626708984,44.81999969482422,44.81999969482422
2025-07-01,04:30:00,45.0,45.18000030517578,45.0,45.029998779296875
2025-07-01,04:40:00,44.95000076293945,44.95000076293945,44.95000076293945,44.95000076293945
2025-07-01,04:45:00,44.84000015258789,44.84000015258789,44.84000015258789,44.84000015258789
2025-07-01,04:50:00,44.84000015258789,44.84000015258789,44.84000015258789,44.84000015258789
2025-07-01,04:55:00,44.84000015258789,44.84000015258789,44.84000015258789,44.84000015258789
2025-07-01,05:05:00,44.84000015258789,44.84000015258789,44.84000015258789,44.84000015258789
2025-07-01,05:10:00,44.84000015258789,44.84000015258789,44.84000015258789,44.84000015258789
2025-07-01,05:15:00,44.709999084472656,44.709999084472656,44.709999084472656,44.709999084472656
2025-07-01,05:30:00,44.56999969482422,44.56999969482422,44.56999969482422,44.56999969482422
2025-07-01,05:40:00,44.790000915527344,44.81999969482422,44.790000915527344,44.81999969482422
2025-07-01,05:50:00,44.790000915527344,44.790000915527344,44.790000915527344,44.790000915527344
2025-07-01,06:05:00,44.810001373291016,44.810001373291016,44.79999923706055,44.79999923706055
2025-07-01,06:20:00,44.779998779296875,44.779998779296875,44.779998779296875,44.779998779296875
2025-07-01,06:30:00,44.77000045776367,44.77000045776367,44.77000045776367,44.77000045776367
2025-07-01,06:40:00,44.77000045776367,44.77000045776367,44.77000045776367,44.77000045776367
2025-07-01,06:45:00,45.0,45.0,45.0,45.0
2025-07-01,07:00:00,45.0,45.0,44.970001220703125,44.970001220703125
2025-07-01,07:15:00,44.97999954223633,44.97999954223633,44.97999954223633,44.97999954223633
2025-07-01,07:25:00,44.77000045776367,44.77000045776367,44.77000045776367,44.77000045776367
2025-07-01,07:50:00,44.93000030517578,44.93000030517578,44.93000030517578,44.93000030517578
2025-07-01,08:05:00,44.77000045776367,44.77000045776367,44.5099983215332,44.5099983215332
2025-07-01,08:15:00,44.77000045776367,44.77000045776367,44.72999954223633,44.72999954223633
2025-07-01,08:30:00,44.66999816894531,44.66999816894531,44.66999816894531,44.66999816894531
2025-07-01,08:35:00,44.66999816894531,44.66999816894531,44.5099983215332,44.5099983215332
2025-07-01,08:40:00,44.5099983215332,44.5099983215332,44.5099983215332,44.5099983215332
2025-07-01,08:55:00,44.52000045776367,44.52000045776367,44.52000045776367,44.52000045776367
2025-07-01,09:00:00,44.689998626708984,44.689998626708984,44.689998626708984,44.689998626708984
2025-07-01,09:05:00,44.540000915527344,44.540000915527344,44.540000915527344,44.540000915527344
2025-07-01,09:10:00,44.5099983215332,44.5099983215332,44.5099983215332,44.5099983215332
2025-07-01,09:15:00,44.68000030517578,44.68000030517578,44.68000030517578,44.68000030517578
2025-07-01,09:40:00,44.5099983215332,44.5099983215332,44.5099983215332,44.5099983215332
2025-07-01,09:45:00,44.59000015258789,44.59000015258789,44.5099983215332,44.5099983215332
2025-07-01,09:50:00,44.5,44.5,44.400001525878906,44.400001525878906
2025-07-01,09:55:00,44.400001525878906,44.90999984741211,44.400001525878906,44.5
2025-07-02,03:45:00,44.400001525878906,44.400001525878906,44.400001525878906,44.400001525878906
2025-07-02,03:55:00,44.20000076293945,44.220001220703125,44.20000076293945,44.220001220703125
2025-07-02,04:05:00,44.189998626708984,44.189998626708984,44.189998626708984,44.189998626708984
2025-07-02,04:10:00,44.16999816894531,44.189998626708984,44.0099983215332,44.189998626708984
2025-07-02,04:35:00,44.2599983215332,44.2599983215332,44.2599983215332,44.2599983215332
2025-07-02,04:40:00,44.0,44.02000045776367,44.0,44.02000045776367
2025-07-02,04:50:00,44.02000045776367,44.02000045776367,44.02000045776367,44.02000045776367
2025-07-02,04:55:00,44.02000045776367,44.02000045776367,44.02000045776367,44.02000045776367
2025-07-02,05:05:00,44.0,44.0,43.900001525878906,44.0
2025-07-02,05:10:00,43.83000183105469,43.83000183105469,43.83000183105469,43.83000183105469
2025-07-02,05:15:00,44.54999923706055,44.54999923706055,44.5,44.5
2025-07-02,05:20:00,44.150001525878906,44.54999923706055,44.150001525878906,44.54999923706055
2025-07-02,05:25:00,44.22999954223633,44.22999954223633,44.22999954223633,44.22999954223633
2025-07-02,05:30:00,44.2599983215332,44.2599983215332,44.2599983215332,44.2599983215332
2025-07-02,05:35:00,44.52000045776367,44.52000045776367,44.5,44.5
2025-07-02,05:40:00,43.810001373291016,44.16999816894531,43.810001373291016,44.16999816894531
2025-07-02,06:05:00,44.119998931884766,44.119998931884766,44.119998931884766,44.119998931884766
2025-07-02,06:20:00,44.189998626708984,44.189998626708984,44.189998626708984,44.189998626708984
2025-07-02,06:30:00,43.91999816894531,43.97999954223633,43.91999816894531,43.97999954223633
2025-07-02,06:40:00,44.02000045776367,44.02000045776367,44.02000045776367,44.02000045776367
2025-07-02,07:10:00,44.310001373291016,44.349998474121094,44.310001373291016,44.34000015258789
2025-07-02,07:15:00,44.470001220703125,44.470001220703125,44.470001220703125,44.470001220703125
2025-07-02,07:25:00,44.290000915527344,44.290000915527344,44.290000915527344,44.290000915527344
2025-07-02,07:40:00,44.33000183105469,44.45000076293945,44.33000183105469,44.45000076293945
2025-07-02,07:45:00,44.470001220703125,44.529998779296875,44.310001373291016,44.310001373291016
2025-07-02,07:55:00,44.2400016784668,44.2400016784668,44.2400016784668,44.2400016784668
2025-07-02,08:05:00,44.2400016784668,44.2400016784668,44.2400016784668,44.2400016784668
2025-07-02,08:10:00,44.16999816894531,44.16999816894531,44.099998474121094,44.099998474121094
2025-07-02,08:15:00,44.279998779296875,44.45000076293945,44.279998779296875,44.279998779296875
2025-07-02,08:30:00,44.02000045776367,44.279998779296875,43.849998474121094,43.849998474121094
2025-07-02,08:35:00,43.81999969482422,43.939998626708984,43.63999938964844,43.790000915527344
2025-07-02,08:40:00,43.88999938964844,44.43000030517578,43.79999923706055,44.20000076293945
2025-07-02,08:45:00,44.150001525878906,44.38999938964844,43.939998626708984,44.060001373291016
2025-07-02,09:00:00,44.220001220703125,44.220001220703125,44.220001220703125,44.220001220703125
2025-07-02,09:20:00,44.11000061035156,44.11000061035156,44.11000061035156,44.11000061035156
2025-07-02,09:30:00,44.310001373291016,44.310001373291016,44.13999938964844,44.13999938964844
2025-07-02,09:45:00,44.130001068115234,44.130001068115234,44.130001068115234,44.130001068115234
2025-07-02,09:50:00,44.41999816894531,44.43000030517578,44.29999923706055,44.43000030517578
2025-07-02,09:55:00,44.40999984741211,44.43000030517578,44.40999984741211,44.41999816894531
2025-07-03,03:45:00,45.95000076293945,45.95000076293945,44.56999969482422,44.56999969482422
2025-07-03,03:50:00,44.099998474121094,44.099998474121094,44.099998474121094,44.099998474121094
2025-07-03,03:55:00,44.0,44.0,44.0,44.0
2025-07-03,04:00:00,43.709999084472656,43.97999954223633,43.709999084472656,43.97999954223633
2025-07-03,04:05:00,43.709999084472656,43.7400016784668,43.709999084472656,43.7400016784668
2025-07-03,04:10:00,43.75,44.11000061035156,43.75,44.11000061035156
2025-07-03,04:20:00,44.5,44.5,44.5,44.5
2025-07-03,04:40:00,44.18000030517578,44.18000030517578,44.11000061035156,44.11000061035156
2025-07-03,04:45:00,44.13999938964844,44.150001525878906,44.13999938964844,44.150001525878906
2025-07-03,04:50:00,44.150001525878906,44.150001525878906,44.150001525878906,44.150001525878906
2025-07-03,05:00:00,43.52000045776367,43.95000076293945,43.52000045776367,43.95000076293945
2025-07-03,05:05:00,43.939998626708984,43.939998626708984,43.939998626708984,43.939998626708984
2025-07-03,05:10:00,43.939998626708984,43.939998626708984,43.939998626708984,43.939998626708984
2025-07-03,05:20:00,43.939998626708984,43.939998626708984,43.939998626708984,43.939998626708984
2025-07-03,05:25:00,43.939998626708984,43.939998626708984,43.939998626708984,43.939998626708984
2025-07-03,05:30:00,43.939998626708984,44.0,43.939998626708984,44.0
2025-07-03,05:40:00,44.08000183105469,44.08000183105469,44.08000183105469,44.08000183105469
2025-07-03,05:45:00,44.0,44.0,43.939998626708984,43.939998626708984
2025-07-03,05:50:00,44.08000183105469,44.08000183105469,44.08000183105469,44.08000183105469
2025-07-03,05:55:00,43.939998626708984,43.939998626708984,43.939998626708984,43.939998626708984
2025-07-03,06:15:00,43.75,43.75,43.75,43.75
2025-07-03,06:20:00,43.7599983215332,43.7599983215332,43.7599983215332,43.7599983215332
2025-07-03,06:25:00,43.7599983215332,43.7599983215332,43.7599983215332,43.7599983215332
2025-07-03,06:35:00,43.86000061035156,43.88999938964844,43.86000061035156,43.88999938964844
2025-07-03,06:40:00,43.970001220703125,43.970001220703125,43.939998626708984,43.939998626708984
2025-07-03,06:45:00,43.939998626708984,43.939998626708984,43.75,43.75
2025-07-03,06:50:00,43.75,43.75,43.75,43.75
2025-07-03,06:55:00,43.720001220703125,43.720001220703125,43.720001220703125,43.720001220703125
2025-07-03,07:10:00,43.900001525878906,43.900001525878906,43.900001525878906,43.900001525878906
2025-07-03,07:15:00,43.810001373291016,43.810001373291016,43.810001373291016,43.810001373291016
2025-07-03,07:20:00,43.79999923706055,43.79999923706055,43.79999923706055,43.79999923706055
2025-07-03,07:25:00,43.90999984741211,43.90999984741211,43.90999984741211,43.90999984741211
2025-07-03,07:30:00,43.810001373291016,43.810001373291016,43.810001373291016,43.810001373291016
2025-07-03,08:10:00,43.900001525878906,43.900001525878906,43.900001525878906,43.900001525878906
2025-07-03,08:15:00,43.900001525878906,43.900001525878906,43.810001373291016,43.810001373291016
2025-07-03,08:25:00,43.810001373291016,43.810001373291016,43.810001373291016,43.810001373291016
2025-07-03,08:40:00,43.900001525878906,44.349998474121094,43.900001525878906,44.349998474121094
2025-07-03,08:55:00,44.25,44.25,44.25,44.25
2025-07-03,09:20:00,44.150001525878906,44.150001525878906,44.09000015258789,44.09000015258789
2025-07-03,09:30:00,44.09000015258789,44.09000015258789,44.09000015258789,44.09000015258789
2025-07-03,09:35:00,43.849998474121094,43.970001220703125,43.83000183105469,43.83000183105469
2025-07-03,09:40:00,43.869998931884766,43.869998931884766,43.849998474121094,43.849998474121094
2025-07-03,09:45:00,43.869998931884766,43.869998931884766,43.83000183105469,43.83000183105469
2025-07-03,09:50:00,43.83000183105469,43.83000183105469,43.83000183105469,43.83000183105469
2025-07-03,09:55:00,43.79999923706055,43.849998474121094,43.79999923706055,43.849998474121094
2025-07-04,03:45:00,45.400001525878906,45.400001525878906,44.79999923706055,45.220001220703125
2025-07-04,03:50:00,45.220001220703125,45.70000076293945,45.0,45.380001068115234
2025-07-04,03:55:00,45.380001068115234,45.47999954223633,45.369998931884766,45.369998931884766
2025-07-04,04:00:00,45.34000015258789,45.34000015258789,45.209999084472656,45.2400016784668
2025-07-04,04:05:00,45.20000076293945,45.20000076293945,45.0,45.0
2025-07-04,04:10:00,45.0,45.0,45.0,45.0
2025-07-04,04:20:00,45.0,45.11000061035156,45.0,45.11000061035156
2025-07-04,04:30:00,45.0,45.0,44.93000030517578,44.93000030517578
2025-07-04,04:40:00,44.880001068115234,44.880001068115234,44.709999084472656,44.709999084472656
2025-07-04,04:45:00,44.7599983215332,44.7599983215332,44.7599983215332,44.7599983215332
2025-07-04,04:55:00,44.709999084472656,44.709999084472656,44.709999084472656,44.709999084472656
2025-07-04,05:00:00,44.61000061035156,44.61000061035156,44.5099983215332,44.5099983215332
2025-07-04,05:05:00,44.209999084472656,44.41999816894531,44.099998474121094,44.290000915527344
2025-07-04,05:10:00,44.060001373291016,44.060001373291016,44.060001373291016,44.060001373291016
2025-07-04,05:45:00,44.20000076293945,44.20000076293945,44.20000076293945,44.20000076293945
2025-07-04,05:50:00,44.86000061035156,44.86000061035156,44.86000061035156,44.86000061035156
2025-07-04,06:00:00,44.15999984741211,44.15999984741211,44.15999984741211,44.15999984741211
2025-07-04,06:15:00,44.25,44.25,44.25,44.25
2025-07-04,06:20:00,44.2599983215332,44.38999938964844,44.2599983215332,44.38999938964844
2025-07-04,06:25:00,44.40999984741211,44.59000015258789,44.40999984741211,44.59000015258789
2025-07-04,06:45:00,44.400001525878906,44.400001525878906,44.400001525878906,44.400001525878906
2025-07-04,06:55:00,44.47999954223633,44.5,44.47999954223633,44.5
2025-07-04,07:05:00,44.5,44.5,44.5,44.5
2025-07-04,07:15:00,44.5,44.5,44.5,44.5
2025-07-04,07:20:00,44.369998931884766,44.369998931884766,44.369998931884766,44.369998931884766
2025-07-04,07:30:00,44.540000915527344,44.540000915527344,44.540000915527344,44.540000915527344
2025-07-04,08:00:00,44.540000915527344,44.540000915527344,44.540000915527344,44.540000915527344
2025-07-04,08:10:00,44.400001525878906,44.400001525878906,44.400001525878906,44.400001525878906
2025-07-04,08:15:00,44.349998474121094,44.349998474121094,44.349998474121094,44.349998474121094
2025-07-04,08:25:00,44.349998474121094,44.349998474121094,44.34000015258789,44.34000015258789
2025-07-04,08:30:00,44.31999969482422,44.31999969482422,44.31999969482422,44.31999969482422
2025-07-04,08:35:00,44.31999969482422,44.33000183105469,44.31999969482422,44.33000183105469
2025-07-04,08:40:00,44.290000915527344,44.290000915527344,44.290000915527344,44.290000915527344
2025-07-04,08:50:00,44.25,44.25,44.20000076293945,44.20000076293945
2025-07-04,09:10:00,44.310001373291016,44.310001373291016,44.310001373291016,44.310001373291016
2025-07-04,09:15:00,44.310001373291016,44.310001373291016,44.310001373291016,44.310001373291016
2025-07-04,09:20:00,44.33000183105469,44.33000183105469,44.310001373291016,44.310001373291016
2025-07-04,09:30:00,44.189998626708984,44.189998626708984,44.189998626708984,44.189998626708984
2025-07-04,09:45:00,44.310001373291016,44.310001373291016,44.310001373291016,44.310001373291016
2025-07-04,09:50:00,44.310001373291016,44.310001373291016,44.29999923706055,44.29999923706055
2025-07-04,09:55:00,44.29999923706055,44.29999923706055,44.060001373291016,44.20000076293945
2025-07-07,03:45:00,51.0,51.0,46.0,47.9900016784668
2025-07-07,03:50:00,47.9900016784668,47.9900016784668,46.83000183105469,46.970001220703125
2025-07-07,03:55:00,47.20000076293945,47.439998626708984,46.86000061035156,47.150001525878906
2025-07-07,04:00:00,47.150001525878906,47.439998626708984,47.150001525878906,47.439998626708984
2025-07-07,04:05:00,47.400001525878906,47.880001068115234,47.380001068115234,47.4900016784668
2025-07-07,04:10:00,47.470001220703125,47.470001220703125,47.040000915527344,47.18000030517578
2025-07-07,04:15:00,47.04999923706055,47.04999923706055,46.86000061035156,47.04999923706055
2025-07-07,04:20:00,47.0,47.16999816894531,47.0,47.16999816894531
2025-07-07,04:25:00,47.099998474121094,47.15999984741211,47.0,47.150001525878906
2025-07-07,04:30:00,47.15999984741211,47.15999984741211,47.15999984741211,47.15999984741211
2025-07-07,04:35:00,47.15999984741211,47.15999984741211,47.04999923706055,47.15999984741211
2025-07-07,04:45:00,47.04999923706055,47.15999984741211,47.04999923706055,47.04999923706055
2025-07-07,04:50:00,47.06999969482422,47.06999969482422,47.06999969482422,47.06999969482422
2025-07-07,04:55:00,47.08000183105469,47.15999984741211,47.04999923706055,47.04999923706055
2025-07-07,05:00:00,47.18000030517578,47.25,47.18000030517578,47.22999954223633
2025-07-07,05:05:00,47.20000076293945,47.20000076293945,47.20000076293945,47.20000076293945
2025-07-07,05:10:00,47.22999954223633,47.22999954223633,47.22999954223633,47.22999954223633
2025-07-07,05:15:00,47.279998779296875,47.279998779296875,47.20000076293945,47.20000076293945
2025-07-07,05:20:00,47.45000076293945,47.459999084472656,47.45000076293945,47.459999084472656
2025-07-07,05:25:00,47.400001525878906,47.459999084472656,47.310001373291016,47.459999084472656
2025-07-07,05:30:00,47.29999923706055,47.54999923706055,47.29999923706055,47.54999923706055
2025-07-07,05:35:00,47.65999984741211,47.65999984741211,47.65999984741211,47.65999984741211
2025-07-07,05:40:00,47.65999984741211,47.72999954223633,47.65999984741211,47.720001220703125
2025-07-07,05:45:00,47.619998931884766,47.709999084472656,47.56999969482422,47.56999969482422
2025-07-07,05:55:00,47.83000183105469,47.83000183105469,47.5099983215332,47.560001373291016
2025-07-07,06:00:00,47.54999923706055,47.54999923706055,47.5,47.54999923706055
2025-07-07,06:05:00,47.54999923706055,47.68000030517578,47.54999923706055,47.619998931884766
2025-07-07,06:10:00,47.5,47.5,47.5,47.5
2025-07-07,06:15:00,47.630001068115234,47.630001068115234,47.630001068115234,47.630001068115234
2025-07-07,06:20:00,47.560001373291016,47.560001373291016,47.52000045776367,47.52000045776367
2025-07-07,06:25:00,47.5,47.5,47.5,47.5
2025-07-07,06:30:00,47.65999984741211,47.65999984741211,47.560001373291016,47.560001373291016
2025-07-07,06:35:00,47.599998474121094,47.599998474121094,47.599998474121094,47.599998474121094
2025-07-07,06:40:00,47.61000061035156,47.779998779296875,47.61000061035156,47.779998779296875
2025-07-07,06:45:00,47.810001373291016,47.88999938964844,47.63999938964844,47.709999084472656
2025-07-07,06:50:00,47.650001525878906,47.650001525878906,47.599998474121094,47.650001525878906
2025-07-07,07:05:00,47.650001525878906,47.77000045776367,47.650001525878906,47.77000045776367
2025-07-07,07:10:00,47.7400016784668,47.7400016784668,47.72999954223633,47.72999954223633
2025-07-07,07:15:00,47.70000076293945,47.72999954223633,47.70000076293945,47.72999954223633
2025-07-07,07:25:00,47.70000076293945,47.70000076293945,47.61000061035156,47.61000061035156
2025-07-07,07:30:00,47.599998474121094,47.599998474121094,47.599998474121094,47.599998474121094
2025-07-07,07:35:00,47.599998474121094,47.66999816894531,47.599998474121094,47.599998474121094
2025-07-07,07:40:00,47.560001373291016,47.560001373291016,47.349998474121094,47.400001525878906
2025-07-07,07:45:00,47.34000015258789,47.34000015258789,47.34000015258789,47.34000015258789
2025-07-07,07:50:00,47.29999923706055,47.29999923706055,47.29999923706055,47.29999923706055
2025-07-07,07:55:00,47.310001373291016,47.310001373291016,47.310001373291016,47.310001373291016
2025-07-07,08:00:00,47.29999923706055,47.29999923706055,47.29999923706055,47.29999923706055
2025-07-07,08:10:00,47.29999923706055,47.29999923706055,47.29999923706055,47.29999923706055
2025-07-07,08:15:00,47.38999938964844,47.38999938964844,47.38999938964844,47.38999938964844
2025-07-07,08:20:00,47.38999938964844,47.59000015258789,47.38999938964844,47.59000015258789
2025-07-07,08:25:00,47.56999969482422,47.56999969482422,47.47999954223633,47.560001373291016
2025-07-07,08:30:00,47.560001373291016,47.560001373291016,47.52000045776367,47.52000045776367
2025-07-07,08:35:00,47.560001373291016,47.560001373291016,47.40999984741211,47.40999984741211
2025-07-07,08:40:00,47.40999984741211,47.58000183105469,47.40999984741211,47.58000183105469
2025-07-07,08:45:00,47.4900016784668,47.58000183105469,47.29999923706055,47.29999923706055
2025-07-07,08:50:00,47.56999969482422,47.56999969482422,47.56999969482422,47.56999969482422
2025-07-07,08:55:00,47.560001373291016,47.560001373291016,47.540000915527344,47.560001373291016
2025-07-07,09:05:00,47.54999923706055,47.54999923706055,47.29999923706055,47.29999923706055
2025-07-07,09:10:00,47.349998474121094,47.40999984741211,47.34000015258789,47.34000015258789
2025-07-07,09:15:00,47.4900016784668,47.4900016784668,47.47999954223633,47.47999954223633
2025-07-07,09:20:00,47.40999984741211,47.40999984741211,47.40999984741211,47.40999984741211
2025-07-07,09:25:00,47.40999984741211,47.40999984741211,47.400001525878906,47.400001525878906
2025-07-07,09:30:00,47.400001525878906,47.400001525878906,47.349998474121094,47.349998474121094
2025-07-07,09:35:00,47.36000061035156,47.4900016784668,47.36000061035156,47.4900016784668
2025-07-07,09:40:00,47.400001525878906,47.40999984741211,47.400001525878906,47.40999984741211
2025-07-07,09:45:00,47.40999984741211,47.939998626708984,47.40999984741211,47.939998626708984
2025-07-07,09:50:00,47.939998626708984,47.970001220703125,47.54999923706055,47.88999938964844
2025-07-07,09:55:00,47.880001068115234,47.900001525878906,47.529998779296875,47.900001525878906
2025-07-08,03:45:00,47.88999938964844,47.88999938964844,47.130001068115234,47.5
2025-07-08,03:50:00,47.529998779296875,47.7599983215332,47.529998779296875,47.7599983215332
2025-07-08,03:55:00,47.650001525878906,47.7599983215332,47.650001525878906,47.650001525878906
2025-07-08,04:00:00,47.7599983215332,47.7599983215332,47.650001525878906,47.72999954223633
2025-07-08,04:05:00,47.70000076293945,47.70000076293945,47.68000030517578,47.68000030517578
2025-07-08,04:10:00,47.630001068115234,47.63999938964844,47.310001373291016,47.400001525878906
2025-07-08,04:15:00,47.310001373291016,47.43000030517578,47.310001373291016,47.43000030517578
2025-07-08,04:20:00,47.43000030517578,47.43000030517578,47.43000030517578,47.43000030517578
2025-07-08,04:25:00,47.43000030517578,47.43000030517578,47.43000030517578,47.43000030517578
2025-07-08,04:30:00,47.400001525878906,47.400001525878906,47.33000183105469,47.33000183105469
2025-07-08,04:35:00,47.33000183105469,47.33000183105469,47.29999923706055,47.31999969482422
2025-07-08,04:45:00,47.29999923706055,47.29999923706055,47.25,47.25
2025-07-08,04:50:00,47.20000076293945,47.20000076293945,47.20000076293945,47.20000076293945
2025-07-08,05:00:00,47.20000076293945,47.220001220703125,47.20000076293945,47.220001220703125
2025-07-08,05:05:00,47.20000076293945,47.20000076293945,46.650001525878906,46.650001525878906
2025-07-08,05:10:00,46.40999984741211,46.560001373291016,46.0099983215332,46.099998474121094
2025-07-08,05:15:00,46.150001525878906,46.25,45.9900016784668,46.119998931884766
2025-07-08,05:20:00,46.15999984741211,46.349998474121094,46.099998474121094,46.349998474121094
2025-07-08,05:25:00,46.7400016784668,46.7400016784668,46.33000183105469,46.33000183105469
2025-07-08,05:30:00,46.400001525878906,46.4900016784668,46.400001525878906,46.4900016784668
2025-07-08,05:35:00,46.400001525878906,46.400001525878906,46.400001525878906,46.400001525878906
2025-07-08,05:40:00,46.380001068115234,46.380001068115234,46.380001068115234,46.380001068115234
2025-07-08,05:45:00,46.41999816894531,46.41999816894531,46.2599983215332,46.2599983215332
2025-07-08,05:50:00,45.20000076293945,46.09000015258789,45.20000076293945,46.09000015258789
2025-07-08,05:55:00,46.0,46.0,45.79999923706055,45.79999923706055
2025-07-08,06:00:00,45.79999923706055,45.869998931884766,45.52000045776367,45.869998931884766
2025-07-08,06:05:00,45.70000076293945,45.7599983215332,45.70000076293945,45.7599983215332
2025-07-08,06:10:00,45.880001068115234,45.97999954223633,45.880001068115234,45.97999954223633
2025-07-08,06:20:00,45.779998779296875,45.779998779296875,45.779998779296875,45.779998779296875
2025-07-08,06:25:00,45.54999923706055,45.58000183105469,45.540000915527344,45.540000915527344
2025-07-08,06:30:00,45.66999816894531,45.66999816894531,45.439998626708984,45.59000015258789
2025-07-08,06:35:00,45.560001373291016,45.560001373291016,45.560001373291016,45.560001373291016
2025-07-08,06:40:00,45.619998931884766,45.66999816894531,45.619998931884766,45.66999816894531
2025-07-08,06:55:00,45.75,45.75,45.75,45.75
2025-07-08,07:00:00,45.75,45.75,45.75,45.75
2025-07-08,07:15:00,45.68000030517578,45.68000030517578,45.68000030517578,45.68000030517578
2025-07-08,07:25:00,45.68000030517578,45.68000030517578,45.68000030517578,45.68000030517578
2025-07-08,07:35:00,45.77000045776367,45.77000045776367,45.77000045776367,45.77000045776367
2025-07-08,07:50:00,45.709999084472656,45.709999084472656,45.709999084472656,45.709999084472656
2025-07-08,07:55:00,45.66999816894531,45.66999816894531,45.61000061035156,45.630001068115234
2025-07-08,08:00:00,45.63999938964844,45.63999938964844,45.630001068115234,45.630001068115234
2025-07-08,08:05:00,45.63999938964844,45.63999938964844,45.5,45.5
2025-07-08,08:10:00,45.58000183105469,45.58000183105469,45.58000183105469,45.58000183105469
2025-07-08,08:15:00,45.58000183105469,45.58000183105469,45.58000183105469,45.58000183105469
2025-07-08,08:20:00,45.58000183105469,45.59000015258789,45.58000183105469,45.59000015258789
2025-07-08,08:25:00,45.599998474121094,45.599998474121094,45.599998474121094,45.599998474121094
2025-07-08,08:30:00,45.58000183105469,45.61000061035156,45.540000915527344,45.61000061035156
2025-07-08,08:35:00,45.61000061035156,46.0,45.61000061035156,46.0
2025-07-08,08:45:00,46.099998474121094,46.099998474121094,46.099998474121094,46.099998474121094
2025-07-08,08:50:00,46.099998474121094,46.099998474121094,46.0,46.0
2025-07-08,08:55:00,46.0,46.0,46.0,46.0
2025-07-08,09:00:00,46.0,46.0,46.0,46.0
2025-07-08,09:05:00,46.0,46.0,46.0,46.0
2025-07-08,09:10:00,45.7599983215332,45.90999984741211,45.720001220703125,45.720001220703125
2025-07-08,09:25:00,45.81999969482422,45.81999969482422,45.790000915527344,45.790000915527344
2025-07-08,09:30:00,45.849998474121094,45.88999938964844,45.5,45.5
2025-07-08,09:35:00,45.61000061035156,45.88999938964844,45.540000915527344,45.88999938964844
2025-07-08,09:40:00,45.56999969482422,45.70000076293945,45.56999969482422,45.70000076293945
2025-07-08,09:45:00,45.709999084472656,45.88999938964844,45.709999084472656,45.88999938964844
2025-07-08,09:50:00,45.88999938964844,45.88999938964844,45.72999954223633,45.72999954223633
2025-07-08,09:55:00,45.88999938964844,45.88999938964844,45.5,45.81999969482422
2025-07-09,03:45:00,48.0,48.0,46.939998626708984,47.0
2025-07-09,03:50:00,47.0,47.0,46.59000015258789,46.59000015258789
2025-07-09,03:55:00,46.65999984741211,47.22999954223633,46.560001373291016,46.88999938964844
2025-07-09,04:00:00,46.849998474121094,46.849998474121094,46.849998474121094,46.849998474121094
2025-07-09,04:05:00,46.77000045776367,46.77000045776367,46.77000045776367,46.77000045776367
2025-07-09,04:10:00,46.75,46.75,46.65999984741211,46.75
2025-07-09,04:15:00,46.560001373291016,46.619998931884766,46.5,46.5
2025-07-09,04:20:00,46.47999954223633,46.47999954223633,46.459999084472656,46.459999084472656
2025-07-09,04:25:00,46.380001068115234,46.380001068115234,45.130001068115234,45.689998626708984
2025-07-09,04:30:00,45.779998779296875,46.11000061035156,45.720001220703125,46.11000061035156
2025-07-09,04:35:00,46.11000061035156,46.11000061035156,46.0,46.0
2025-07-09,04:40:00,46.0,46.0,46.0,46.0
2025-07-09,04:50:00,45.95000076293945,45.95000076293945,45.58000183105469,45.619998931884766
2025-07-09,04:55:00,45.61000061035156,45.61000061035156,45.47999954223633,45.47999954223633
2025-07-09,05:00:00,45.470001220703125,45.540000915527344,45.470001220703125,45.47999954223633
2025-07-09,05:10:00,45.47999954223633,45.47999954223633,45.470001220703125,45.470001220703125
2025-07-09,05:15:00,45.47999954223633,45.56999969482422,45.47999954223633,45.56999969482422
2025-07-09,05:20:00,45.56999969482422,45.56999969482422,45.56999969482422,45.56999969482422
2025-07-09,05:45:00,45.66999816894531,45.849998474121094,45.66999816894531,45.66999816894531
2025-07-09,05:55:00,45.7599983215332,45.7599983215332,45.7599983215332,45.7599983215332
2025-07-09,06:05:00,45.7599983215332,45.939998626708984,45.7599983215332,45.939998626708984
2025-07-09,06:10:00,45.72999954223633,45.88999938964844,45.72999954223633,45.88999938964844
2025-07-09,06:15:00,45.709999084472656,45.709999084472656,45.709999084472656,45.709999084472656
2025-07-09,06:25:00,45.77000045776367,45.77000045776367,45.77000045776367,45.77000045776367
2025-07-09,06:30:00,46.0,46.0,46.0,46.0
2025-07-09,06:35:00,46.150001525878906,46.150001525878906,46.150001525878906,46.150001525878906
2025-07-09,06:50:00,46.13999938964844,46.13999938964844,46.13999938964844,46.13999938964844
2025-07-09,06:55:00,46.119998931884766,46.119998931884766,46.119998931884766,46.119998931884766
2025-07-09,07:00:00,46.130001068115234,46.130001068115234,46.130001068115234,46.130001068115234
2025-07-09,07:10:00,45.970001220703125,45.970001220703125,45.970001220703125,45.970001220703125
2025-07-09,07:35:00,46.0,46.0,46.0,46.0
2025-07-09,08:00:00,45.9900016784668,45.9900016784668,45.9900016784668,45.9900016784668
2025-07-09,08:10:00,45.86000061035156,45.86000061035156,45.86000061035156,45.86000061035156
2025-07-09,08:15:00,45.9900016784668,45.9900016784668,45.9900016784668,45.9900016784668
2025-07-09,08:35:00,45.97999954223633,45.97999954223633,45.97999954223633,45.97999954223633
2025-07-09,09:10:00,45.970001220703125,45.970001220703125,45.970001220703125,45.970001220703125
2025-07-09,09:15:00,45.91999816894531,45.91999816894531,45.91999816894531,45.91999816894531
2025-07-09,09:35:00,45.900001525878906,45.900001525878906,45.900001525878906,45.900001525878906
2025-07-09,09:40:00,45.880001068115234,45.880001068115234,45.25,45.54999923706055
2025-07-09,09:45:00,45.75,45.97999954223633,45.72999954223633,45.72999954223633
2025-07-09,09:50:00,45.95000076293945,46.0,45.95000076293945,46.0
2025-07-09,09:55:00,46.45000076293945,46.45000076293945,45.84000015258789,45.84000015258789
2025-07-10,03:45:00,46.97999954223633,46.9900016784668,45.560001373291016,46.869998931884766
2025-07-10,03:50:00,46.84000015258789,46.84000015258789,46.43000030517578,46.72999954223633
2025-07-10,03:55:00,46.34000015258789,46.34000015258789,46.209999084472656,46.209999084472656
2025-07-10,04:00:00,46.08000183105469,46.08000183105469,46.08000183105469,46.08000183105469
2025-07-10,04:05:00,45.869998931884766,46.029998779296875,45.869998931884766,46.029998779296875
2025-07-10,04:10:00,46.040000915527344,46.040000915527344,46.040000915527344,46.040000915527344
2025-07-10,04:15:00,46.040000915527344,46.040000915527344,46.040000915527344,46.040000915527344
2025-07-10,04:20:00,46.130001068115234,46.130001068115234,46.119998931884766,46.119998931884766
2025-07-10,04:25:00,46.060001373291016,46.060001373291016,45.9900016784668,45.9900016784668
2025-07-10,04:30:00,45.93000030517578,45.93000030517578,45.93000030517578,45.93000030517578
2025-07-10,04:35:00,45.810001373291016,45.810001373291016,45.810001373291016,45.810001373291016
2025-07-10,04:45:00,45.88999938964844,45.88999938964844,45.88999938964844,45.88999938964844
2025-07-10,04:55:00,45.70000076293945,45.70000076293945,45.70000076293945,45.70000076293945
2025-07-10,05:05:00,45.70000076293945,45.70000076293945,45.650001525878906,45.650001525878906
2025-07-10,05:30:00,45.779998779296875,45.779998779296875,45.779998779296875,45.779998779296875
2025-07-10,05:35:00,45.65999984741211,45.65999984741211,45.65999984741211,45.65999984741211
2025-07-10,06:00:00,45.86000061035156,45.97999954223633,45.86000061035156,45.97999954223633
2025-07-10,06:05:00,45.77000045776367,45.77000045776367,45.77000045776367,45.77000045776367
2025-07-10,06:10:00,45.619998931884766,45.619998931884766,45.619998931884766,45.619998931884766
2025-07-10,06:20:00,45.779998779296875,45.79999923706055,45.779998779296875,45.79999923706055
2025-07-10,06:25:00,45.599998474121094,45.790000915527344,45.599998474121094,45.790000915527344
2025-07-10,06:35:00,45.7599983215332,45.7599983215332,45.7599983215332,45.7599983215332
2025-07-10,06:50:00,45.7599983215332,45.7599983215332,45.7599983215332,45.7599983215332
2025-07-10,07:20:00,45.7599983215332,45.7599983215332,45.7599983215332,45.7599983215332
2025-07-10,07:30:00,45.59000015258789,45.61000061035156,45.59000015258789,45.61000061035156
2025-07-10,07:35:00,45.61000061035156,45.61000061035156,45.43000030517578,45.43000030517578
2025-07-10,07:40:00,45.59000015258789,45.68000030517578,45.52000045776367,45.52000045776367
2025-07-10,07:50:00,45.5,45.5,45.2599983215332,45.2599983215332
2025-07-10,07:55:00,45.29999923706055,45.43000030517578,45.29999923706055,45.43000030517578
2025-07-10,08:00:00,45.29999923706055,45.36000061035156,45.29999923706055,45.36000061035156
2025-07-10,08:10:00,45.0099983215332,45.09000015258789,45.0099983215332,45.09000015258789
2025-07-10,08:15:00,45.09000015258789,45.09000015258789,45.0099983215332,45.0099983215332
2025-07-10,08:25:00,45.119998931884766,45.119998931884766,45.119998931884766,45.119998931884766
2025-07-10,08:30:00,45.130001068115234,45.130001068115234,45.130001068115234,45.130001068115234
2025-07-10,08:35:00,45.130001068115234,45.130001068115234,45.130001068115234,45.130001068115234
2025-07-10,08:40:00,45.029998779296875,45.2400016784668,45.029998779296875,45.2400016784668
2025-07-10,08:50:00,45.310001373291016,45.34000015258789,45.310001373291016,45.34000015258789
2025-07-10,09:00:00,45.439998626708984,45.45000076293945,45.439998626708984,45.439998626708984
2025-07-10,09:10:00,45.439998626708984,45.439998626708984,45.29999923706055,45.29999923706055
2025-07-10,09:35:00,45.349998474121094,45.349998474121094,45.279998779296875,45.279998779296875
2025-07-10,09:40:00,45.27000045776367,45.27000045776367,45.27000045776367,45.27000045776367
2025-07-10,09:50:00,45.15999984741211,45.5099983215332,45.15999984741211,45.5099983215332
2025-07-10,09:55:00,45.75,45.75,45.16999816894531,45.400001525878906
2025-07-11,03:45:00,47.5,47.5,47.4900016784668,47.4900016784668
2025-07-11,04:00:00,46.97999954223633,46.97999954223633,46.97999954223633,46.97999954223633
2025-07-11,04:15:00,45.97999954223633,45.97999954223633,45.97999954223633,45.97999954223633
2025-07-11,04:20:00,44.70000076293945,44.70000076293945,43.75,43.75
2025-07-11,04:25:00,45.779998779296875,45.779998779296875,45.779998779296875,45.779998779296875
2025-07-11,04:30:00,45.5,45.5,45.5,45.5
2025-07-11,04:35:00,45.5,45.5,45.5,45.5
2025-07-11,04:40:00,45.5,45.5,45.5,45.5
2025-07-11,04:45:00,45.45000076293945,45.45000076293945,45.45000076293945,45.45000076293945
2025-07-11,04:55:00,45.400001525878906,45.400001525878906,45.349998474121094,45.349998474121094
2025-07-11,05:00:00,45.25,45.25,45.25,45.25
2025-07-11,05:15:00,45.0,45.0,45.0,45.0
2025-07-11,05:20:00,45.0,45.0,45.0,45.0
2025-07-11,05:25:00,44.5,45.33000183105469,44.5,45.33000183105469
2025-07-11,05:30:00,45.31999969482422,45.31999969482422,45.31999969482422,45.31999969482422
2025-07-11,05:35:00,45.29999923706055,45.29999923706055,45.29999923706055,45.29999923706055
2025-07-11,05:40:00,44.709999084472656,44.709999084472656,44.709999084472656,44.709999084472656
2025-07-11,05:55:00,44.709999084472656,44.709999084472656,44.709999084472656,44.709999084472656
2025-07-11,06:10:00,43.650001525878906,43.650001525878906,43.650001525878906,43.650001525878906
2025-07-11,06:30:00,44.939998626708984,44.939998626708984,44.939998626708984,44.939998626708984
2025-07-11,06:40:00,44.11000061035156,44.11000061035156,44.11000061035156,44.11000061035156
2025-07-11,07:00:00,44.119998931884766,44.119998931884766,44.119998931884766,44.119998931884766
2025-07-11,07:15:00,44.11000061035156,44.11000061035156,44.11000061035156,44.11000061035156
2025-07-11,07:45:00,44.150001525878906,44.150001525878906,44.150001525878906,44.150001525878906
2025-07-11,07:55:00,44.150001525878906,44.150001525878906,44.0,44.0
2025-07-11,08:00:00,44.0,44.0,44.0,44.0
2025-07-11,08:05:00,44.0,44.0,44.0,44.0
2025-07-11,08:10:00,43.650001525878906,43.650001525878906,43.650001525878906,43.650001525878906
2025-07-11,08:15:00,43.650001525878906,43.650001525878906,43.650001525878906,43.650001525878906
2025-07-11,08:20:00,44.150001525878906,44.150001525878906,44.150001525878906,44.150001525878906
2025-07-11,08:30:00,44.150001525878906,44.150001525878906,44.150001525878906,44.150001525878906
2025-07-11,08:45:00,44.150001525878906,44.54999923706055,44.150001525878906,44.54999923706055
2025-07-11,08:55:00,44.54999923706055,44.54999923706055,44.54999923706055,44.54999923706055
2025-07-11,09:00:00,44.54999923706055,44.54999923706055,44.54999923706055,44.54999923706055
2025-07-11,09:10:00,44.54999923706055,44.54999923706055,44.54999923706055,44.54999923706055
2025-07-11,09:25:00,44.54999923706055,44.54999923706055,43.65999984741211,43.65999984741211
2025-07-11,09:35:00,44.0,44.0,44.0,44.0
2025-07-11,09:40:00,44.0,44.0,43.9900016784668,43.9900016784668
2025-07-11,09:45:00,43.9900016784668,43.9900016784668,43.9900016784668,43.9900016784668
2025-07-11,09:50:00,43.70000076293945,44.0,43.599998474121094,44.0
2025-07-11,09:55:00,44.540000915527344,45.0,43.970001220703125,43.970001220703125
